# lambda[m]	flux[skirtUnits] 
5e-08		1.14362e+31
5.52605e-08	2.50907e+31
6.10744e-08	2.81087e+31
6.75001e-08	2.4131e+31
7.46017e-08	2.81023e+31
8.24506e-08	2.79142e+31
9.11252e-08	1.09767e+32
1.00712e-07	1.26718e+35
1.11308e-07	1.09057e+35
1.23019e-07	1.05769e+35
1.35962e-07	1.29054e+35
1.53e-07	7.69771e+34
1.66076e-07	8.37699e+34
1.83549e-07	7.91373e+34
2.0286e-07	7.50429e+34
2.27e-07	5.99285e+34
2.47791e-07	4.80675e+34
2.73861e-07	4.32208e+34
3.02674e-07	4.95535e+34
3.55e-07	3.20054e+34
3.69713e-07	1.71346e+34
4.08611e-07	2.91089e+34
4.69e-07	1.89466e+34
4.99113e-07	1.96787e+34
5.51625e-07	1.56283e+34
6.17e-07	1.24416e+34
6.73804e-07	6.1773e+34
7.48e-07	1.07513e+34
8.23044e-07	8.0556e+33
8.93e-07	9.03866e+33
1e-06		5.79912e+33
1.0261e-06	2.28636e+33
1.05288e-06	2.06469e+33
1.08037e-06	3.49887e+33
1.10857e-06	1.96381e+33
1.1375e-06	1.89209e+33
1.16719e-06	1.85538e+33
1.19766e-06	1.79774e+33
1.22892e-06	1.74824e+33
1.26099e-06	1.69833e+33
1.29391e-06	1.65641e+33
1.32768e-06	1.62042e+33
1.36233e-06	1.58679e+33
1.39789e-06	1.57576e+33
1.43438e-06	1.56333e+33
1.47182e-06	1.44955e+33
1.51024e-06	1.48355e+33
1.54966e-06	1.43241e+33
1.5901e-06	1.44022e+33
1.63161e-06	1.39449e+33
1.6742e-06	1.38643e+33
1.71789e-06	1.29688e+33
1.76273e-06	1.24568e+33
1.80874e-06	1.20008e+33
1.85596e-06	1.14629e+33
1.9044e-06	1.10591e+33
1.95411e-06	1.05056e+33
2.00511e-06	1.01321e+33
2.05745e-06	9.6133e+32
2.11115e-06	9.10931e+32
2.16625e-06	1.3258e+33
2.2228e-06	8.3566e+32
2.28081e-06	7.91641e+32
2.34035e-06	6.0851e+32
2.40143e-06	5.57877e+32
2.46411e-06	5.31719e+32
2.52843e-06	5.18775e+32
2.59443e-06	5.07915e+32
2.66215e-06	5.15272e+32
2.73163e-06	5.05895e+32
2.80293e-06	4.78692e+32
2.87609e-06	5.22931e+32
2.95116e-06	4.36151e+32
3.02819e-06	5.19318e+32
3.10723e-06	4.02902e+32
3.18834e-06	3.91004e+32
3.27156e-06	4.83483e+32
3.353e-06	3.59233e+32
3.44457e-06	3.70308e+32
3.56e-06	2.94e+32
3.62673e-06	2.44866e+32
3.7214e-06	3.79368e+32
3.81853e-06	2.75134e+32
3.9182e-06	2.6545e+32
4.02047e-06	3.05381e+32
4.12541e-06	2.34395e+32
4.23309e-06	2.27076e+32
4.34358e-06	2.57616e+32
4.51e-06	2.04089e+32
4.603e-06	1.39801e+32
4.69266e-06	3.4073e+32
4.81514e-06	1.88975e+32
4.94082e-06	1.98768e+32
5.06979e-06	2.22699e+32
5.20212e-06	3.12564e+32
5.3379e-06	3.1367e+32
5.47723e-06	2.82288e+32
5.62019e-06	3.34977e+32
5.76e-06	3.8177e+32
5.91741e-06	4.57974e+32
6.07186e-06	6.28077e+32
6.23035e-06	1.03536e+33
6.39297e-06	6.90169e+32
6.55983e-06	5.42889e+32
6.73105e-06	5.95948e+32
6.90675e-06	1.06452e+33
7.08702e-06	1.16419e+33
7.272e-06	9.17086e+32
7.46181e-06	1.67985e+33
7.65658e-06	2.02937e+33
7.85643e-06	1.59715e+33
8e-06		1.51488e+33
8.27191e-06	1.35752e+33
8.48782e-06	1.3277e+33
8.70936e-06	1.26533e+33
8.93669e-06	2.70823e+33
9.16995e-06	1.13823e+33
9.4093e-06	1.27307e+33
9.65489e-06	1.38732e+33
9.9069e-06	1.46719e+33
1.01655e-05	1.53578e+33
1.04308e-05	2.47527e+33
1.07031e-05	1.73389e+33
1.09824e-05	1.87062e+33
1.12691e-05	3.04267e+33
1.156e-05	2.10702e+33
1.18651e-05	2.02621e+33
1.21748e-05	2.02045e+33
1.24925e-05	2.15407e+33
1.28186e-05	1.007e+34
1.31532e-05	1.78748e+33
1.34965e-05	1.74377e+33
1.38488e-05	1.64876e+33
1.42103e-05	1.68644e+33
1.45812e-05	1.72352e+33
1.49618e-05	1.87949e+33
1.53523e-05	3.44297e+33
1.5753e-05	4.32471e+33
1.61642e-05	2.75779e+33
1.65861e-05	3.17326e+33
1.7019e-05	3.56691e+33
1.74632e-05	3.83833e+33
1.79191e-05	4.03414e+33
1.83868e-05	4.30391e+33
1.88667e-05	5.72667e+33
1.93591e-05	4.73066e+33
1.98644e-05	4.86256e+33
2.03829e-05	4.99184e+33
2.0915e-05	5.12441e+33
2.14609e-05	5.62114e+33
2.209e-05	5.45513e+33
2.25958e-05	5.28337e+33
2.31856e-05	6.80548e+33
2.4e-05		6.04113e+33
2.44117e-05	5.16317e+33
2.50489e-05	6.42284e+33
2.57027e-05	6.64102e+33
2.63736e-05	6.86026e+33
2.7062e-05	7.08357e+33
2.77684e-05	7.31225e+33
2.84932e-05	7.54495e+33
2.92369e-05	7.77843e+33
3e-05		4.80729e+33
3.01602e-05	1.68669e+34
3.33333e-05	4.07129e+34
3.68403e-05	3.77601e+34
4.07163e-05	3.92558e+34
4.5e-05		3.9733e+34
4.97345e-05	3.90393e+34
5.4967e-05	3.73866e+34
6.07501e-05	3.50033e+34
6.71416e-05	2.24152e+34
7e-05		1.54735e+34
7.42056e-05	2.31631e+34
8.20127e-05	2.5672e+34
9.06413e-05	2.23733e+34
0.0001		1.93102e+34
0.000110717	1.63932e+34
0.000122366	1.40459e+34
0.00013524	1.11925e+34
0.000149469	7.47575e+33
0.00016		8.81206e+33
0.000182574	6.21821e+33
0.000201783	4.11269e+33
0.000223012	3.28702e+33
0.00025		2.13128e+33
0.000272407	1.51394e+33
0.000301067	1.46844e+33
0.00035		6.61643e+32
0.00036775	1.38072e+33
0.000406441	3.88939e+32
0.000449202	2.74547e+32
0.0005		1.73056e+32
0.000548696	1.15715e+32
0.000606424	1.16723e+33
0.000670226	5.32628e+31
0.00074074	3.55252e+31
0.000818673	2.38018e+31
0.000904806	1.60983e+31
0.001		5.38933e+30