# log10(sSFR [1/yr]) log10(Fyoung [fraction])
    -10.2950459     -0.2308786
    -10.3199177     -0.2166656
    -10.2694254     -0.1870632
    -10.1026430     -0.1497527
    -10.1957598     -0.1679889
    -10.1931744     -0.1549985
    -10.2223291     -0.1619972
    -10.2099762     -0.1749994
    -10.3252020     -0.2072214
    -10.1905565     -0.1845626
    -10.1562080     -0.1634958
    -10.0486422     -0.1278015
    -10.1855078     -0.1791653
    -10.3001032     -0.2163645
    -10.3099432     -0.2149831
    -10.1933155     -0.1693986
    -10.1557236     -0.1545369
    -10.1176758     -0.1486887
    -10.1831808     -0.1642074
    -10.1011648     -0.1361056
    -10.0101509     -0.1479411
    -10.2502403     -0.2155542
    -10.2996111     -0.2215568
    -10.1068611     -0.1454578
    -10.4771500     -0.2514745
    -10.1865206     -0.1760254
    -10.2342472     -0.1953269
    -10.2459831     -0.2052828
    -10.1776943     -0.1815051
    -10.1188250     -0.1692610
    -10.0921516     -0.1640581
    -10.2021761     -0.2123363
    -10.3186722     -0.2309097
    -10.2887602     -0.2089350
    -10.1170588     -0.1480638
    -10.0438347     -0.1304469
    -10.0517092     -0.1250986
    -10.1133699     -0.1318723
    -10.1265955     -0.1540380
    -10.1803570     -0.1909776
    -10.2689848     -0.2272627
    -10.3019447     -0.2294450
    -10.2129116     -0.2045645
    -10.0893393     -0.1628672
    -10.1038380     -0.1552479
    -10.0375013     -0.1112103
    -10.0041256     -0.1179063
    -10.0870686     -0.1459828
    -10.1658335     -0.1790883
    -10.2637043     -0.2295579
    -10.3359556     -0.2624971
    -10.3052883     -0.2464589
    -10.2889280     -0.2337543
    -10.2710867     -0.2362536
    -10.3402414     -0.2504386
    -10.3152313     -0.2222021
    -10.1765718     -0.1636072
    -10.0191278     -0.1151342
    -10.0134726     -0.1140710
    -10.0644341     -0.1203497
    -10.0170240     -0.1059200
    -10.0551987     -0.1320833
    -10.1915951     -0.1907429
    -10.2578001     -0.2057624
    -10.3021002     -0.2302388
    -10.2947617     -0.2414220
    -10.2851028     -0.2371183
    -10.5313702     -0.3047423
    -10.6725922     -0.3479674
    -10.1951160     -0.1653664
    -10.0222731     -0.1054033
     -9.9976807     -0.0997896
    -10.0271120     -0.1090600
    -10.0455780     -0.1397719
    -10.1610565     -0.1962997
    -10.2837191     -0.2500722
    -10.3716974     -0.2831396
    -10.3838120     -0.2895671
    -10.3456059     -0.2599488
    -10.2937555     -0.2327294
    -10.3052483     -0.2382661
    -10.3208199     -0.2265916
    -10.2423000     -0.1937470
    -10.1635675     -0.1497679
    -10.0741882     -0.1304531
    -10.0981741     -0.1406836
    -10.0976543     -0.1294922
    -10.0256767     -0.1201444
    -10.0669127     -0.1348161
    -10.1507874     -0.1630219
    -10.1734180     -0.1769153
    -10.4384108     -0.2863779
    -10.6013384     -0.3366212
    -10.7199802     -0.3585777
    -10.0176172     -0.1128362
     -9.8652630     -0.0694315
     -9.9064188     -0.1096795
    -10.3372011     -0.2685682
    -10.4143009     -0.3117431
    -10.4398193     -0.3233010
    -10.4057875     -0.2802603
    -10.2687521     -0.2223895
    -10.2990255     -0.2145638
    -10.3016376     -0.2044190
    -10.2515755     -0.1780138
    -10.2303276     -0.1740811
    -10.2669830     -0.1913359
    -10.2475910     -0.1875851
    -10.1879654     -0.1564157
    -10.0337210     -0.0979667
     -9.9991484     -0.1006406
    -10.0881901     -0.1296684
    -10.0854578     -0.1330598
    -10.0605993     -0.1249602
    -10.0656242     -0.1337660
    -10.0846739     -0.1456543
    -10.5957937     -0.3407551
    -10.7252913     -0.3580142
    -10.0639963     -0.1379094
    -10.0458994     -0.1398201
    -10.1325769     -0.1922613
    -10.3495655     -0.2713423
    -10.4089413     -0.3042233
    -10.4458942     -0.3372703
    -10.5063858     -0.3268949
    -10.3468895     -0.2378974
    -10.2345657     -0.1788924
    -10.2720022     -0.1841935
    -10.1777000     -0.1544052
    -10.2064400     -0.1803569
    -10.3008156     -0.2265239
    -10.3670874     -0.2477240
    -10.3481541     -0.2321677
    -10.2065201     -0.1651870
     -9.9091864     -0.0772259
     -9.9387627     -0.0811284
    -10.0146780     -0.0993446
     -9.9706526     -0.0949145
     -9.9122496     -0.0815743
     -9.9501591     -0.0944417
    -10.6091633     -0.3502294
    -10.7969694     -0.3831307
    -10.0926523     -0.1335757
    -10.0739040     -0.1499029
    -10.1594858     -0.1885105
    -10.2566195     -0.2222247
    -10.2976465     -0.2493194
    -10.3830557     -0.3087122
    -10.4057064     -0.3062297
    -10.4345751     -0.2993405
    -10.4515142     -0.2783717
    -10.3326626     -0.2059222
    -10.1032486     -0.1327132
    -10.2438765     -0.1854766
    -10.2450943     -0.2182809
    -10.4074688     -0.2986085
    -10.5158186     -0.3292791
    -10.5125227     -0.3230924
    -10.4750376     -0.3010421
    -10.3682976     -0.2465869
    -10.1768494     -0.1811666
    -10.0754194     -0.1379410
    -10.0288553     -0.1103683
     -9.9825659     -0.0951179
     -9.9323702     -0.0829796
     -9.9727306     -0.0849646
     -9.9407759     -0.0935051
    -10.1235895     -0.1703582
    -10.0368223     -0.1121403
     -9.9614220     -0.1007984
    -10.0915775     -0.1652694
    -10.3146944     -0.2442905
    -10.3553505     -0.2827508
    -10.4057159     -0.3051459
    -10.4396315     -0.3011957
    -10.4374409     -0.2596000
    -10.3451376     -0.2050361
    -10.2343235     -0.1803540
    -10.1940126     -0.1927905
    -10.3793983     -0.2722137
    -10.5159473     -0.3396642
    -10.5399914     -0.3651012
    -10.5023146     -0.3509356
    -10.4817019     -0.3409122
    -10.4677057     -0.3281424
    -10.4633465     -0.3220013
    -10.4189463     -0.2817976
    -10.3338394     -0.2415696
    -10.2675457     -0.2068985
    -10.1832438     -0.1760460
    -10.0910015     -0.1365550
     -9.9920292     -0.0954336
     -9.9245787     -0.0876743
     -9.9899874     -0.1330011
    -10.3198271     -0.2619204
    -10.8261518     -0.3985526
    -10.0265322     -0.1286603
    -10.0540915     -0.1411213
    -10.1564293     -0.1920303
    -10.3154898     -0.2241609
    -10.3210449     -0.2460817
    -10.3769712     -0.2856004
    -10.4542093     -0.3115128
    -10.4690104     -0.2889458
    -10.3513126     -0.2101097
    -10.2624235     -0.1880197
    -10.3185577     -0.2393943
    -10.4483013     -0.3137729
    -10.5067663     -0.3384962
    -10.5108805     -0.3267097
    -10.4745741     -0.3073040
    -10.5107031     -0.3349354
    -10.5527172     -0.3685693
    -10.5189066     -0.3509828
    -10.5069971     -0.3440004
    -10.4962111     -0.3252501
    -10.4630976     -0.3000149
    -10.4289694     -0.2785714
    -10.3888340     -0.2475281
    -10.2586832     -0.1942772
    -10.0568876     -0.1207929
    -10.0046730     -0.1051783
    -10.0654030     -0.1477634
    -10.1742697     -0.1810679
    -10.2326412     -0.2125250
    -10.3213615     -0.2185092
    -10.2924271     -0.2337571
    -10.3580322     -0.2816882
    -10.4290180     -0.2946267
    -10.4066763     -0.2615890
    -10.2999840     -0.2107541
    -10.1877699     -0.1868140
    -10.4717607     -0.3234662
    -10.5815830     -0.3640489
    -10.4868870     -0.3076241
    -10.2979822     -0.2087754
    -10.1781473     -0.1679431
    -10.2696819     -0.2222721
    -10.4108706     -0.2800294
    -10.3681574     -0.2588680
    -10.2889261     -0.2436763
    -10.3127623     -0.2623041
    -10.3767090     -0.2880086
    -10.4276237     -0.2920503
    -10.4359322     -0.2714067
    -10.3343077     -0.2185259
    -10.1748610     -0.1622234
    -10.0567408     -0.1259310
    -10.1259842     -0.1665927
    -10.3758316     -0.2826813
    -10.0686769     -0.1410998
    -10.1409159     -0.1717339
    -10.2374010     -0.2082856
    -10.3152218     -0.2224046
    -10.2984552     -0.2248464
    -10.3169975     -0.2431779
    -10.3097868     -0.2246205
    -10.3104525     -0.2334206
    -10.3489552     -0.2366085
    -10.2835388     -0.2388930
    -10.5694122     -0.3789498
    -10.6399546     -0.3832894
    -10.3998909     -0.2485125
    -10.1609707     -0.1545369
    -10.0711842     -0.1448228
    -10.1965218     -0.1932401
    -10.2875261     -0.2235302
    -10.2740231     -0.2111131
    -10.2180042     -0.2027957
    -10.3055401     -0.2532541
    -10.4044571     -0.2980785
    -10.4474649     -0.3156776
    -10.4634504     -0.2861221
    -10.3692598     -0.2349827
    -10.1296387     -0.1504103
    -10.0079451     -0.1183471
    -10.1144285     -0.1800485
    -10.3599634     -0.2766462
    -10.0575018     -0.1367234
    -10.0947237     -0.1575281
    -10.1993713     -0.1939473
    -10.3210926     -0.2214606
    -10.2811832     -0.2181357
    -10.2798328     -0.2162751
    -10.2017193     -0.1845333
    -10.2360315     -0.2066358
    -10.3013229     -0.2098932
    -10.4072943     -0.2944212
    -10.6837130     -0.4322647
    -10.5942593     -0.3536952
    -10.4265938     -0.2399545
    -10.4704390     -0.2414308
    -10.4378023     -0.2412824
    -10.2535744     -0.1972699
    -10.1352997     -0.1780169
    -10.3016100     -0.2298762
    -10.2182283     -0.2029770
    -10.2854366     -0.2401073
    -10.4110136     -0.3031736
    -10.4378576     -0.2981694
    -10.4057970     -0.2609437
    -10.3554649     -0.2408277
    -10.2618103     -0.1983326
    -10.1368246     -0.1544540
    -10.2016392     -0.2016345
    -10.3099728     -0.2686704
    -10.0380726     -0.1335865
    -10.1206160     -0.1636534
    -10.2180777     -0.2010310
    -10.3082504     -0.2143091
    -10.2949715     -0.2163646
    -10.2675858     -0.2133484
    -10.1786289     -0.1869722
    -10.2521849     -0.2035974
    -10.2459383     -0.1937257
    -10.3361120     -0.2660349
    -10.6533203     -0.4069224
    -10.5824871     -0.3425556
    -10.5012302     -0.2610813
    -10.6792526     -0.2819452
    -10.6169758     -0.2684929
    -10.3431311     -0.2097792
    -10.2283716     -0.2191771
    -10.3501835     -0.2586994
    -10.1414385     -0.1638852
    -10.1440763     -0.1832963
    -10.3697805     -0.2745300
    -10.3721323     -0.2810913
    -10.3016434     -0.2334576
    -10.3617001     -0.2397464
    -10.1978731     -0.1901669
    -10.1686420     -0.1734741
    -10.2459249     -0.2210818
    -10.4064722     -0.2905954
    -10.0067472     -0.1273350
    -10.1106157     -0.1546129
    -10.1919451     -0.1831582
    -10.3004084     -0.2087083
    -10.3131151     -0.2066373
    -10.2745476     -0.2080508
    -10.2688627     -0.2251107
    -10.3419895     -0.2503649
    -10.3074703     -0.2249268
    -10.3544207     -0.2604912
    -10.5224400     -0.3523560
    -10.5386314     -0.3324318
    -10.4649487     -0.2625448
    -10.5827007     -0.2687499
    -10.5190125     -0.2395418
    -10.2173328     -0.1766612
    -10.2656813     -0.2578938
    -10.4470959     -0.3036290
    -10.1053534     -0.1603112
     -9.9959688     -0.1510209
    -10.2150545     -0.2255900
    -10.3362885     -0.2575875
    -10.3407955     -0.2313745
    -10.3319635     -0.2103871
    -10.2289762     -0.1890256
    -10.1965561     -0.1920815
    -10.2442245     -0.2229632
    -10.1221256     -0.1500462
    -10.0997572     -0.1433591
    -10.0930910     -0.1480026
    -10.1805353     -0.1682456
    -10.1518908     -0.1530120
    -10.2035494     -0.1755124
    -10.2282839     -0.2157171
    -10.3371525     -0.2472073
    -10.2679005     -0.2100541
    -10.2818785     -0.2386826
    -10.5037451     -0.3449972
    -10.3815956     -0.2758513
    -10.2891731     -0.2164311
    -10.3070717     -0.2102310
    -10.2781467     -0.1977253
    -10.2072592     -0.2262861
    -10.4437466     -0.3399271
    -10.5389690     -0.3266884
    -10.2323198     -0.1871169
    -10.1676197     -0.1986241
    -10.3103828     -0.2680983
    -10.3460417     -0.2460028
    -10.2563715     -0.2002305
    -10.1881561     -0.1671900
    -10.1064701     -0.1613603
    -10.1758175     -0.2072679
    -10.1357899     -0.1552810
    -10.1359673     -0.1591242
    -10.1513205     -0.1696104
    -10.2486067     -0.1959602
    -10.2008438     -0.1844381
    -10.2236214     -0.1954154
    -10.2974606     -0.2336156
    -10.3694677     -0.2644816
    -10.3185873     -0.2538610
    -10.3651972     -0.3004504
    -10.5810690     -0.3881158
    -10.4663410     -0.3357896
    -10.2760868     -0.2645127
    -10.2643852     -0.2593005
    -10.3126259     -0.2779804
    -10.4391146     -0.3352272
    -10.5867987     -0.3754976
    -10.4584732     -0.2816465
    -10.0574665     -0.1456917
    -10.1293125     -0.2150349
    -10.3564386     -0.2773236
    -10.3371382     -0.2403951
    -10.1764793     -0.1710511
    -10.1773939     -0.1813689
    -10.1979179     -0.1818754
    -10.2666435     -0.2273714
    -10.0183353     -0.1388915
    -10.2072926     -0.1875724
    -10.2176104     -0.1681511
    -10.2026539     -0.1732592
    -10.2174568     -0.1829325
    -10.2372532     -0.1954350
    -10.3008595     -0.2301485
    -10.2909937     -0.2305776
    -10.3654785     -0.2822852
    -10.5005236     -0.3550347
    -10.6170692     -0.4110101
    -10.6253977     -0.4070958
    -10.6199150     -0.4176911
    -10.6161995     -0.4176902
    -10.6301622     -0.4206235
    -10.6069565     -0.3928337
    -10.5696869     -0.3456953
    -10.4060507     -0.2649267
    -10.2735128     -0.2221902
    -10.3337317     -0.2664315
    -10.3641176     -0.2694802
    -10.3205013     -0.2341619
    -10.1788616     -0.1713735
    -10.0938015     -0.1381854
    -10.1489811     -0.1457248
    -10.2683325     -0.2193449
    -10.1902580     -0.1747794
    -10.1225500     -0.1394835
    -10.0012054     -0.1102061
    -10.1235676     -0.1572834
    -10.2600374     -0.1975935
    -10.3026304     -0.2159274
    -10.3160210     -0.2209786
    -10.3220701     -0.2473838
    -10.5103025     -0.3285125
    -10.5346928     -0.3495576
    -10.4830103     -0.3360162
    -10.5327816     -0.3691849
    -10.6440630     -0.4151976
    -10.6634779     -0.4130534
    -10.5745363     -0.3550465
    -10.3478985     -0.2406005
    -10.2456446     -0.2047817
    -10.2076378     -0.2072519
    -10.4040403     -0.2888136
    -10.4236250     -0.2940981
    -10.3639736     -0.2451408
    -10.1258917     -0.1528394
     -9.9536276     -0.0972414
    -10.0409317     -0.1227217
    -10.1486673     -0.1537581
    -10.1029272     -0.1400416
    -10.1133432     -0.1244767
    -10.0261459     -0.1161717
    -10.2253962     -0.1715283
    -10.2641258     -0.1871058
    -10.2684917     -0.2038621
    -10.3674870     -0.2508218
    -10.4311028     -0.2824953
    -10.4459476     -0.2867896
    -10.5101023     -0.3176649
    -10.5432367     -0.3330721
    -10.4660873     -0.2995962
    -10.3980465     -0.2734578
    -10.3038187     -0.2432486
    -10.2563715     -0.2230935
    -10.2548199     -0.2415819
    -10.4424810     -0.3186667
    -10.4478884     -0.3089842
    -10.3949366     -0.2552937
    -10.1801443     -0.1625188
     -9.9868460     -0.1157605
    -10.0278463     -0.1510899
    -10.2780037     -0.2226686
    -10.1167936     -0.1518786
    -10.1183748     -0.1362091
    -10.0058765     -0.1012049
     -9.8943529     -0.0800292
    -10.0606108     -0.1093450
     -9.9326820     -0.0900847
    -10.1861753     -0.1709404
    -10.3358984     -0.2194479
    -10.3372250     -0.2265999
    -10.3713980     -0.2407704
    -10.3753672     -0.2403185
    -10.3687353     -0.2362403
    -10.3407459     -0.2395298
    -10.3676004     -0.2728226
    -10.4116344     -0.2954758
    -10.3788090     -0.2692727
    -10.5349398     -0.3262599
    -10.5098190     -0.3399288
    -10.4242458     -0.2833697
    -10.3356667     -0.2409517
    -10.1383944     -0.1677727
    -10.0591078     -0.1699190
    -10.0396338     -0.1445202
    -10.0938911     -0.1567788
    -10.0802822     -0.1474323
    -10.0299072     -0.1386777
    -10.0399876     -0.1311022
     -9.9014177     -0.1096381
    -10.1178331     -0.1581978
    -10.2404032     -0.1841210
    -10.2549076     -0.1925751
    -10.2915783     -0.1979523
    -10.2456741     -0.1848622
    -10.0933390     -0.1349965
    -10.2708626     -0.2246417
    -10.4286165     -0.3066933
    -10.4910288     -0.3373250
    -10.5018625     -0.3427298
    -10.5424967     -0.3457724
    -10.4685793     -0.3091152
    -10.3742476     -0.2578133
    -10.3117914     -0.2435588
    -10.2373524     -0.2177539
    -10.2322035     -0.2420474
    -10.1006479     -0.1562077
    -10.1159477     -0.1799129
    -10.1995783     -0.1992727
    -10.2055845     -0.2051686
    -10.2150230     -0.2124053
    -10.1893711     -0.2129050
    -10.2694387     -0.2250538
    -10.2411556     -0.2081200
    -10.2107000     -0.1880766
    -10.1612186     -0.1750256
    -10.2339878     -0.1849050
    -10.0971746     -0.1535586
    -10.2743731     -0.2295007
    -10.4473534     -0.3033541
    -10.4104319     -0.3001471
    -10.4532766     -0.3126813
    -10.4871130     -0.3270140
    -10.3888721     -0.2694542
    -10.3387213     -0.2387913
    -10.3096056     -0.2435529
    -10.2540874     -0.2373240
    -10.2978497     -0.2062817
    -10.2446547     -0.2116902
    -10.2098770     -0.2015077
    -10.2121515     -0.2124700
    -10.2470465     -0.2279758
    -10.2685833     -0.2313796
    -10.3005390     -0.2378114
    -10.3379240     -0.2345548
    -10.3166838     -0.2302441
    -10.3058367     -0.2194806
    -10.2781506     -0.2150972
    -10.2224789     -0.2100839
    -10.2238541     -0.1948677
    -10.1973801     -0.1903855
    -10.3198023     -0.2441328
    -10.4030857     -0.2821648
    -10.3655252     -0.2714376
    -10.4130325     -0.2881457
    -10.3913860     -0.2757316
    -10.2940502     -0.2254181
    -10.1582870     -0.1879344
    -10.2069540     -0.1833474
    -10.0684729     -0.1180214
    -10.2556963     -0.1997513
    -10.3412132     -0.2290269
    -10.3041983     -0.2323662
    -10.3428364     -0.2416110
    -10.3307362     -0.2386850
    -10.3225708     -0.2308428
    -10.2609463     -0.2216113
    -10.1850843     -0.1962572
    -10.1380768     -0.1734731
    -10.2104273     -0.1985623
    -10.2710543     -0.1958454
    -10.2408247     -0.1907773
    -10.2044420     -0.1934210
    -10.2544394     -0.2212122
    -10.3573046     -0.2537674
    -10.3374825     -0.2521169
    -10.2522411     -0.2251252
    -10.3258123     -0.2545289
    -10.3237400     -0.2490905
    -10.2917290     -0.2286548
    -10.0300360     -0.1554402
    -10.2476177     -0.2050349
    -10.3531847     -0.2378659
    -10.3044500     -0.2229334
    -10.3077326     -0.2196136
    -10.2990637     -0.2196112
    -10.3188763     -0.2189897
    -10.2491064     -0.2057612
    -10.2310886     -0.1841877
    -10.2342520     -0.1916466
    -10.1670074     -0.1735302
    -10.2085409     -0.1835015
    -10.2140656     -0.1950166
    -10.2843742     -0.2190054
    -10.3151426     -0.2386383
    -10.2317543     -0.2196544
    -10.2240076     -0.2158308
    -10.3074055     -0.2600147
    -10.3502150     -0.2668128
    -10.3599634     -0.2747881
    -10.3428288     -0.2121602
    -10.3542442     -0.2173115
    -10.2449903     -0.2018638
    -10.1742983     -0.1727552
    -10.0904369     -0.1529204
    -10.2040548     -0.1909458
    -10.2785931     -0.2161457
    -10.2693787     -0.2025392
    -10.2175283     -0.1945873
    -10.2469397     -0.2045323
    -10.2437801     -0.2105451
    -10.2812147     -0.2194033
    -10.2962675     -0.2346794
    -10.3136816     -0.2426555
    -10.3032942     -0.2463087
    -10.2061996     -0.1774066
    -10.1866312     -0.1698530
    -10.1480255     -0.1753198
    -10.2617140     -0.2152452
    -10.3407221     -0.2294056
    -10.2891331     -0.2153347
    -10.2678661     -0.2247635
    -10.3448744     -0.2501813
    -10.3967896     -0.2720751
    -10.3761654     -0.2713597
    -10.3574667     -0.2820704
    -10.3515186     -0.2801522
    -10.3909044     -0.2707676
    -10.4889927     -0.3085137
