# Transmission curve for SCUBA-2 450 micron instrument on JCMT telescope
# Converted from 'model450' downloaded at http://www.eaobservatory.org/jcmt/instrumentation/continuum/scuba-2/filters/
# Column 1: wavelength (micron)
# Column 2: transmission (arbitrary units)
404.03296 0.0051737
404.08742 0.0051737
404.14190 0.0051737
404.19638 0.0051737
404.25089 0.0051737
404.30541 0.0051737
404.35994 0.0054201
404.41449 0.0054201
404.46905 0.0054201
404.52362 0.0054201
404.57822 0.0054201
404.63282 0.0054201
404.68744 0.0056664
404.74208 0.0056664
404.79673 0.0056664
404.85140 0.0056664
404.90608 0.0056664
404.96077 0.0056664
405.01548 0.0059128
405.07020 0.0059128
405.12494 0.0059128
405.17970 0.0059128
405.23447 0.0059128
405.28925 0.0059128
405.34405 0.0059128
405.39886 0.0061592
405.45369 0.0061592
405.50853 0.0061592
405.56339 0.0061592
405.61826 0.0061592
405.67315 0.0061592
405.72805 0.0064055
405.78297 0.0064055
405.83790 0.0064055
405.89285 0.0064055
405.94781 0.0064055
406.00279 0.0064055
406.05778 0.0066519
406.11279 0.0066519
406.16781 0.0066519
406.22284 0.0066519
406.27789 0.0066519
406.33296 0.0068983
406.38804 0.0068983
406.44314 0.0068983
406.49825 0.0068983
406.55337 0.0068983
406.60851 0.0071446
406.66367 0.0071446
406.71884 0.0071446
406.77403 0.0071446
406.82923 0.0073910
406.88444 0.0073910
406.93967 0.0073910
406.99492 0.0073910
407.05018 0.0073910
407.10546 0.0076373
407.16075 0.0076373
407.21605 0.0076373
407.27137 0.0076373
407.32671 0.0078837
407.38206 0.0078837
407.43743 0.0078837
407.49281 0.0078837
407.54820 0.0081301
407.60361 0.0081301
407.65904 0.0081301
407.71448 0.0081301
407.76994 0.0083764
407.82541 0.0083764
407.88090 0.0083764
407.93640 0.0083764
407.99191 0.0086228
408.04745 0.0086228
408.10299 0.0086228
408.15855 0.0088692
408.21413 0.0088692
408.26972 0.0088692
408.32533 0.0091155
408.38095 0.0091155
408.43659 0.0091155
408.49224 0.0093619
408.54791 0.0093619
408.60360 0.0093619
408.65929 0.0096083
408.71501 0.0096083
408.77074 0.0096083
408.82648 0.0098546
408.88224 0.0098546
408.93801 0.0098546
408.99380 0.0101010
409.04961 0.0101010
409.10543 0.0103474
409.16126 0.0103474
409.21711 0.0103474
409.27298 0.0105937
409.32886 0.0105937
409.38476 0.0105937
409.44067 0.0108401
409.49660 0.0108401
409.55254 0.0110865
409.60850 0.0110865
409.66447 0.0110865
409.72046 0.0113328
409.77646 0.0113328
409.83248 0.0113328
409.88851 0.0115792
409.94456 0.0115792
410.00063 0.0118256
410.05671 0.0118256
410.11280 0.0118256
410.16891 0.0120719
410.22504 0.0120719
410.28118 0.0120719
410.33734 0.0123183
410.39351 0.0123183
410.44970 0.0123183
410.50590 0.0125647
410.56212 0.0125647
410.61835 0.0128110
410.67460 0.0128110
410.73086 0.0128110
410.78714 0.0130574
410.84344 0.0130574
410.89975 0.0130574
410.95608 0.0133038
411.01242 0.0133038
411.06878 0.0133038
411.12515 0.0135501
411.18154 0.0135501
411.23794 0.0135501
411.29436 0.0137965
411.35079 0.0137965
411.40724 0.0140429
411.46371 0.0140429
411.52019 0.0140429
411.57669 0.0142892
411.63320 0.0142892
411.68973 0.0145356
411.74627 0.0145356
411.80283 0.0147820
411.85940 0.0147820
411.91599 0.0147820
411.97260 0.0150283
412.02922 0.0150283
412.08585 0.0152747
412.14250 0.0152747
412.19917 0.0152747
412.25586 0.0155211
412.31255 0.0155211
412.36927 0.0157674
412.42600 0.0157674
412.48274 0.0160138
412.53950 0.0160138
412.59628 0.0160138
412.65307 0.0162602
412.70988 0.0162602
412.76671 0.0165065
412.82354 0.0165065
412.88040 0.0167529
412.93727 0.0167529
412.99416 0.0169993
413.05106 0.0169993
413.10798 0.0172456
413.16491 0.0172456
413.22186 0.0174920
413.27882 0.0174920
413.33580 0.0177384
413.39280 0.0177384
413.44981 0.0179847
413.50684 0.0179847
413.56388 0.0182311
413.62094 0.0182311
413.67802 0.0184775
413.73511 0.0184775
413.79221 0.0187238
413.84933 0.0187238
413.90647 0.0189702
413.96363 0.0189702
414.02080 0.0192166
414.07798 0.0194629
414.13518 0.0194629
414.19240 0.0197093
414.24963 0.0199557
414.30688 0.0199557
414.36414 0.0202020
414.42142 0.0202020
414.47872 0.0204484
414.53603 0.0206948
414.59336 0.0206948
414.65070 0.0209411
414.70806 0.0211875
414.76544 0.0211875
414.82283 0.0214339
414.88024 0.0216802
414.93766 0.0216802
414.99510 0.0219266
415.05255 0.0221729
415.11002 0.0221729
415.16751 0.0224193
415.22501 0.0226657
415.28253 0.0229120
415.34006 0.0229120
415.39761 0.0231584
415.45518 0.0234048
415.51276 0.0234048
415.57036 0.0236511
415.62797 0.0238975
415.68560 0.0241439
415.74325 0.0241439
415.80091 0.0243902
415.85859 0.0246366
415.91628 0.0248830
415.97399 0.0251293
416.03172 0.0251293
416.08946 0.0253757
416.14722 0.0256221
416.20500 0.0258684
416.26279 0.0261148
416.32059 0.0263612
416.37841 0.0263612
416.43625 0.0266075
416.49411 0.0268539
416.55198 0.0271003
416.60986 0.0273466
416.66777 0.0275930
416.72569 0.0278394
416.78362 0.0280857
416.84157 0.0283321
416.89954 0.0285785
416.95752 0.0288248
417.01552 0.0290712
417.07354 0.0293176
417.13157 0.0295639
417.18962 0.0298103
417.24768 0.0300567
417.30576 0.0303030
417.36386 0.0305494
417.42197 0.0307958
417.48010 0.0310421
417.53824 0.0312885
417.59640 0.0315349
417.65458 0.0320276
417.71277 0.0322740
417.77098 0.0325203
417.82921 0.0327667
417.88745 0.0330131
417.94571 0.0332594
418.00398 0.0335058
418.06228 0.0339985
418.12058 0.0342449
418.17891 0.0344913
418.23725 0.0347376
418.29560 0.0349840
418.35397 0.0354767
418.41236 0.0357231
418.47077 0.0359695
418.52919 0.0362158
418.58763 0.0367085
418.64608 0.0369549
418.70455 0.0372013
418.76304 0.0376940
418.82154 0.0379404
418.88006 0.0381867
418.93859 0.0386795
418.99715 0.0389258
419.05571 0.0391722
419.11430 0.0396649
419.17290 0.0399113
419.23152 0.0404040
419.29015 0.0406504
419.34880 0.0411431
419.40747 0.0413895
419.46615 0.0418822
419.52485 0.0421286
419.58357 0.0426213
419.64230 0.0431141
419.70105 0.0433604
419.75981 0.0438532
419.81859 0.0440995
419.87739 0.0445923
419.93621 0.0448386
419.99504 0.0453314
420.05389 0.0458241
420.11275 0.0463168
420.17163 0.0468096
420.23053 0.0473023
420.28944 0.0475487
420.34837 0.0480414
420.40732 0.0485341
420.46628 0.0490269
420.52526 0.0495196
420.58426 0.0500123
420.64327 0.0505051
420.70230 0.0509978
420.76134 0.0514905
420.82041 0.0519832
420.87949 0.0524760
420.93858 0.0529687
420.99769 0.0534614
421.05682 0.0542005
421.11597 0.0546933
421.17513 0.0551860
421.23431 0.0556787
421.29350 0.0564178
421.35272 0.0569106
421.41195 0.0574033
421.47119 0.0581424
421.53045 0.0586351
421.58973 0.0591279
421.64903 0.0596206
421.70834 0.0603597
421.76767 0.0608524
421.82701 0.0613452
421.88637 0.0620843
421.94575 0.0628234
422.00515 0.0635625
422.06456 0.0643016
422.12399 0.0650407
422.18344 0.0655334
422.24290 0.0662725
422.30238 0.0670116
422.36187 0.0677507
422.42139 0.0684898
422.48092 0.0692289
422.54046 0.0699680
422.60003 0.0704607
422.65961 0.0711998
422.71920 0.0719389
422.77882 0.0729244
422.83845 0.0736635
422.89809 0.0746489
422.95776 0.0753880
423.01744 0.0763735
423.07714 0.0773590
423.13685 0.0780981
423.19658 0.0790835
423.25633 0.0798226
423.31609 0.0808081
423.37588 0.0817935
423.43568 0.0825326
423.49549 0.0835181
423.55532 0.0842572
423.61517 0.0852427
423.67504 0.0862281
423.73492 0.0874600
423.79482 0.0884454
423.85474 0.0894309
423.91467 0.0906627
423.97463 0.0916482
424.03459 0.0928800
424.09458 0.0938655
424.15458 0.0950973
424.21460 0.0960828
424.27464 0.0970682
424.33469 0.0983001
424.39476 0.0992855
424.45485 0.1005174
424.51495 0.1015028
424.57507 0.1027347
424.63521 0.1039665
424.69536 0.1051983
424.75554 0.1066765
424.81573 0.1079084
424.87593 0.1091402
424.93616 0.1103720
424.99640 0.1116038
425.05665 0.1130820
425.11693 0.1143139
425.17722 0.1155457
425.23753 0.1167775
425.29786 0.1180094
425.35820 0.1192412
425.41856 0.1207194
425.47894 0.1219512
425.53933 0.1234294
425.59974 0.1249076
425.66017 0.1266322
425.72062 0.1281104
425.78108 0.1295886
425.84156 0.1310668
425.90206 0.1325450
425.96257 0.1340232
426.02310 0.1357477
426.08365 0.1372259
426.14422 0.1387041
426.20480 0.1401823
426.26540 0.1416605
426.32602 0.1431387
426.38666 0.1446169
426.44731 0.1465878
426.50798 0.1483124
426.56867 0.1500370
426.62937 0.1520079
426.69009 0.1537324
426.75083 0.1557034
426.81159 0.1574279
426.87236 0.1591525
426.93315 0.1611234
426.99396 0.1628480
427.05478 0.1648189
427.11563 0.1665435
427.17649 0.1682680
427.23736 0.1702390
427.29826 0.1719635
427.35917 0.1741808
427.42010 0.1763981
427.48105 0.1786154
427.54201 0.1808327
427.60299 0.1830500
427.66399 0.1852673
427.72501 0.1877310
427.78604 0.1899483
427.84709 0.1921656
427.90816 0.1943829
427.96925 0.1968465
428.03035 0.1990638
428.09147 0.2012811
428.15261 0.2034984
428.21377 0.2057157
428.27494 0.2084257
428.33613 0.2111357
428.39734 0.2138458
428.45857 0.2168022
428.51981 0.2195122
428.58107 0.2222222
428.64235 0.2251786
428.70364 0.2278886
428.76496 0.2305987
428.82629 0.2335551
428.88764 0.2362651
428.94900 0.2392215
429.01039 0.2419315
429.07179 0.2448879
429.13321 0.2475979
429.19464 0.2505543
429.25610 0.2537571
429.31757 0.2569598
429.37906 0.2601626
429.44056 0.2633654
429.50209 0.2665681
429.56363 0.2697709
429.62519 0.2729736
429.68677 0.2761764
429.74836 0.2793792
429.80998 0.2825819
429.87161 0.2857847
429.93325 0.2889874
429.99492 0.2921902
430.05660 0.2951466
430.11830 0.2985957
430.18002 0.3022912
430.24176 0.3059867
430.30351 0.3099286
430.36529 0.3136240
430.42708 0.3175659
430.48888 0.3212614
430.55071 0.3252033
430.61255 0.3288987
430.67441 0.3328406
430.73629 0.3365361
430.79819 0.3404780
430.86010 0.3444198
430.92203 0.3481153
430.98398 0.3520572
431.04595 0.3557526
431.10794 0.3599409
431.16994 0.3641291
431.23196 0.3683173
431.29400 0.3727519
431.35605 0.3769401
431.41813 0.3811284
431.48022 0.3853166
431.54233 0.3895048
431.60446 0.3936930
431.66661 0.3978813
431.72877 0.4020695
431.79095 0.4062577
431.85315 0.4104459
431.91537 0.4148805
431.97761 0.4190687
432.03986 0.4232570
432.10213 0.4276915
432.16442 0.4321261
432.22673 0.4365607
432.28905 0.4409953
432.35140 0.4451835
432.41376 0.4496181
432.47614 0.4540527
432.53853 0.4584873
432.60095 0.4626755
432.66338 0.4671101
432.72583 0.4715447
432.78830 0.4757329
432.85079 0.4801675
432.91330 0.4846021
432.97582 0.4887903
433.03836 0.4932249
433.10092 0.4976595
433.16350 0.5020941
433.22610 0.5065287
433.28871 0.5109633
433.35134 0.5153979
433.41399 0.5198325
433.47666 0.5242671
433.53935 0.5284553
433.60205 0.5328899
433.66477 0.5373245
433.72751 0.5417591
433.79027 0.5459473
433.85305 0.5503819
433.91585 0.5548165
433.97866 0.5597438
434.04149 0.5644247
434.10434 0.5693521
434.16721 0.5742794
434.23010 0.5789603
434.29300 0.5838877
434.35592 0.5888150
434.41886 0.5937423
434.48182 0.5984233
434.54480 0.6033506
434.60780 0.6082779
434.67081 0.6132052
434.73384 0.6178862
434.79689 0.6228135
434.85996 0.6277408
434.92305 0.6329145
434.98615 0.6383346
435.04928 0.6435083
435.11242 0.6489283
435.17558 0.6541020
435.23876 0.6595220
435.30196 0.6649421
435.36517 0.6701158
435.42841 0.6755358
435.49166 0.6809559
435.55493 0.6861296
435.61822 0.6915496
435.68153 0.6969697
435.74485 0.7023898
435.80820 0.7078098
435.87156 0.7127371
435.93494 0.7176644
435.99834 0.7225918
436.06176 0.7275191
436.12519 0.7322000
436.18865 0.7371274
436.25212 0.7420547
436.31561 0.7469820
436.37912 0.7519093
436.44265 0.7568367
436.50620 0.7615176
436.56977 0.7664449
436.63335 0.7713723
436.69695 0.7762996
436.76057 0.7812269
436.82421 0.7861542
436.88787 0.7910815
436.95155 0.7960089
437.01524 0.8006898
437.07896 0.8056171
437.14269 0.8105445
437.20644 0.8154718
437.27021 0.8203991
437.33400 0.8253264
437.39781 0.8302538
437.46163 0.8354274
437.52548 0.8403548
437.58934 0.8452821
437.65322 0.8502094
437.71712 0.8551367
437.78104 0.8598177
437.84498 0.8635132
437.90894 0.8674550
437.97291 0.8711505
438.03691 0.8750924
438.10092 0.8787879
438.16495 0.8827297
438.22900 0.8864252
438.29307 0.8903671
438.35715 0.8940626
438.42126 0.8980044
438.48539 0.9016999
438.54953 0.9056418
438.61369 0.9093373
438.67787 0.9132791
438.74207 0.9169746
438.80629 0.9189456
438.87053 0.9209165
438.93478 0.9231338
438.99906 0.9251047
439.06335 0.9270756
439.12767 0.9290466
439.19200 0.9310175
439.25635 0.9329884
439.32072 0.9349593
439.38511 0.9369303
439.44951 0.9389012
439.51394 0.9408721
439.57838 0.9428431
439.64285 0.9448140
439.70733 0.9467849
439.77183 0.9477704
439.83635 0.9487559
439.90089 0.9494949
439.96545 0.9504804
440.03003 0.9512195
440.09462 0.9519586
440.15924 0.9529441
440.22387 0.9536832
440.28853 0.9544223
440.35320 0.9554077
440.41789 0.9561468
440.48260 0.9568859
440.54733 0.9576250
440.61208 0.9586105
440.67685 0.9593496
440.74163 0.9600887
440.80644 0.9605814
440.87126 0.9610742
440.93611 0.9615669
441.00097 0.9620596
441.06585 0.9627987
441.13075 0.9632915
441.19567 0.9637842
441.26061 0.9642769
441.32557 0.9647696
441.39054 0.9652624
441.45554 0.9660015
441.52056 0.9664942
441.58559 0.9669869
441.65065 0.9674797
441.71572 0.9682188
441.78081 0.9692042
441.84592 0.9701897
441.91105 0.9711752
441.97620 0.9721606
442.04137 0.9731461
442.10656 0.9741316
442.17177 0.9751170
442.23699 0.9761025
442.30224 0.9770880
442.36750 0.9780734
442.43279 0.9790589
442.49809 0.9800443
442.56342 0.9810298
442.62876 0.9820153
442.69412 0.9830007
442.75950 0.9832471
442.82490 0.9834935
442.89032 0.9839862
442.95576 0.9842326
443.02122 0.9844789
443.08670 0.9849717
443.15219 0.9852180
443.21771 0.9854644
443.28324 0.9859571
443.34880 0.9862035
443.41437 0.9864499
443.47997 0.9869426
443.54558 0.9871890
443.61121 0.9874353
443.67687 0.9879281
443.74254 0.9884208
443.80823 0.9889135
443.87394 0.9894063
443.93967 0.9898990
444.00542 0.9903917
444.07119 0.9908845
444.13697 0.9913772
444.20278 0.9918699
444.26861 0.9926090
444.33446 0.9931017
444.40032 0.9935945
444.46621 0.9940872
444.53211 0.9945799
444.59804 0.9950727
444.66398 0.9955654
444.72995 0.9958118
444.79593 0.9960581
444.86194 0.9963045
444.92796 0.9963045
444.99400 0.9965509
445.06006 0.9967972
445.12614 0.9970436
445.19225 0.9970436
445.25837 0.9972900
445.32451 0.9975363
445.39067 0.9977827
445.45685 0.9977827
445.52305 0.9980291
445.58927 0.9982754
445.65550 0.9985218
445.72176 0.9982754
445.78804 0.9980291
445.85434 0.9975363
445.92066 0.9972900
445.98699 0.9967972
446.05335 0.9965509
446.11973 0.9960581
446.18613 0.9958118
446.25254 0.9953190
446.31898 0.9950727
446.38543 0.9945799
446.45191 0.9943336
446.51841 0.9938408
446.58492 0.9933481
446.65146 0.9931017
446.71801 0.9931017
446.78459 0.9935945
446.85118 0.9938408
446.91780 0.9943336
446.98443 0.9948263
447.05109 0.9953190
447.11776 0.9958118
447.18445 0.9963045
447.25117 0.9967972
447.31790 0.9972900
447.38466 0.9977827
447.45143 0.9982754
447.51822 0.9987682
447.58504 0.9992609
447.65187 0.9995073
447.71872 1.0000000
447.78560 0.9987682
447.85249 0.9975363
447.91941 0.9965509
447.98634 0.9953190
448.05329 0.9943336
448.12027 0.9931017
448.18726 0.9918699
448.25427 0.9908845
448.32131 0.9896526
448.38836 0.9886672
448.45543 0.9874353
448.52253 0.9862035
448.58964 0.9852180
448.65678 0.9839862
448.72393 0.9830007
448.79110 0.9825080
448.85830 0.9820153
448.92551 0.9815225
448.99275 0.9810298
449.06000 0.9807834
449.12728 0.9802907
449.19457 0.9797980
449.26189 0.9793052
449.32922 0.9790589
449.39658 0.9785661
449.46396 0.9780734
449.53135 0.9775807
449.59877 0.9773343
449.66620 0.9768416
449.73366 0.9763489
449.80114 0.9758561
449.86863 0.9756098
449.93615 0.9751170
450.00369 0.9746243
450.07125 0.9743779
450.13883 0.9738852
450.20642 0.9733925
450.27404 0.9731461
450.34168 0.9726534
450.40934 0.9721606
450.47702 0.9719143
450.54472 0.9714215
450.61244 0.9709288
450.68018 0.9706824
450.74794 0.9701897
450.81573 0.9699433
450.88353 0.9694506
450.95135 0.9692042
451.01919 0.9687115
451.08706 0.9684651
451.15494 0.9679724
451.22284 0.9677260
451.29077 0.9672333
451.35871 0.9669869
451.42668 0.9664942
451.49467 0.9662478
451.56267 0.9660015
451.63070 0.9655087
451.69875 0.9652624
451.76681 0.9647696
451.83490 0.9645233
451.90301 0.9647696
451.97114 0.9650160
452.03929 0.9655087
452.10746 0.9657551
452.17565 0.9660015
452.24386 0.9662478
452.31210 0.9664942
452.38035 0.9667406
452.44862 0.9669869
452.51692 0.9674797
452.58523 0.9677260
452.65357 0.9679724
452.72192 0.9682188
452.79030 0.9684651
452.85870 0.9687115
452.92712 0.9674797
452.99555 0.9660015
453.06401 0.9647696
453.13249 0.9635378
453.20099 0.9620596
453.26952 0.9608278
453.33806 0.9595960
453.40662 0.9581178
453.47520 0.9568859
453.54381 0.9556541
453.61243 0.9541759
453.68108 0.9529441
453.74975 0.9517122
453.81843 0.9502340
453.88714 0.9490022
453.95587 0.9480168
454.02462 0.9470313
454.09339 0.9460458
454.16218 0.9448140
454.23100 0.9438285
454.29983 0.9428431
454.36868 0.9418576
454.43756 0.9408721
454.50646 0.9398867
454.57537 0.9389012
454.64431 0.9379157
454.71327 0.9369303
454.78225 0.9356984
454.85125 0.9347130
454.92027 0.9337275
454.98931 0.9320030
455.05838 0.9297857
455.12746 0.9275684
455.19657 0.9253511
455.26569 0.9231338
455.33484 0.9209165
455.40401 0.9186992
455.47320 0.9164819
455.54241 0.9142646
455.61164 0.9120473
455.68089 0.9098300
455.75016 0.9076127
455.81946 0.9053954
455.88877 0.9031781
455.95811 0.9007145
456.02747 0.8982508
456.09685 0.8952944
456.16625 0.8923380
456.23567 0.8891353
456.30511 0.8861789
456.37457 0.8829761
456.44406 0.8800197
456.51356 0.8770633
456.58309 0.8738606
456.65264 0.8709042
456.72221 0.8679478
456.79180 0.8647450
456.86141 0.8617886
456.93104 0.8588322
457.00070 0.8558758
457.07037 0.8526731
457.14007 0.8494703
457.20979 0.8460212
457.27953 0.8428184
457.34929 0.8396157
457.41907 0.8361665
457.48887 0.8329638
457.55870 0.8297610
457.62854 0.8263119
457.69841 0.8231091
457.76830 0.8199064
457.83821 0.8167036
457.90814 0.8132545
457.97809 0.8100517
458.04806 0.8068490
458.11806 0.8036462
458.18808 0.8004435
458.25811 0.7972407
458.32817 0.7940379
458.39825 0.7908352
458.46836 0.7878788
458.53848 0.7846760
458.60862 0.7814733
458.67879 0.7782705
458.74898 0.7753141
458.81919 0.7721114
458.88942 0.7689086
458.95967 0.7657058
459.02995 0.7625031
459.10024 0.7595467
459.17056 0.7563439
459.24090 0.7538803
459.31126 0.7516630
459.38164 0.7494457
459.45204 0.7472284
459.52247 0.7450111
459.59291 0.7427938
459.66338 0.7403301
459.73387 0.7381128
459.80438 0.7358955
459.87492 0.7336782
459.94547 0.7312146
460.01605 0.7289973
460.08665 0.7267800
460.15726 0.7243163
460.22791 0.7220990
460.29857 0.7193890
460.36925 0.7161863
460.43996 0.7129835
460.51069 0.7097807
460.58144 0.7065780
460.65221 0.7033752
460.72300 0.7001725
460.79382 0.6969697
460.86465 0.6935206
460.93551 0.6903178
461.00639 0.6871151
461.07730 0.6839123
461.14822 0.6807095
461.21917 0.6775068
461.29013 0.6740576
461.36112 0.6706085
461.43213 0.6669130
461.50317 0.6632175
461.57422 0.6595220
461.64530 0.6558266
461.71640 0.6518847
461.78752 0.6481892
461.85866 0.6444937
461.92983 0.6405519
462.00101 0.6368564
462.07222 0.6331609
462.14345 0.6292190
462.21471 0.6255235
462.28598 0.6215817
462.35728 0.6178862
462.42859 0.6139443
462.49994 0.6100025
462.57130 0.6058142
462.64268 0.6016260
462.71409 0.5976842
462.78552 0.5934959
462.85697 0.5893077
462.92844 0.5853659
462.99994 0.5811776
463.07145 0.5769894
463.14299 0.5728012
463.21455 0.5688593
463.28614 0.5646711
463.35774 0.5604829
463.42937 0.5562947
463.50102 0.5523528
463.57269 0.5479182
463.64438 0.5434836
463.71610 0.5390490
463.78784 0.5346144
463.85960 0.5301798
463.93138 0.5257453
464.00319 0.5215570
464.07501 0.5171224
464.14686 0.5126879
464.21873 0.5082533
464.29063 0.5040650
464.36254 0.4996305
464.43448 0.4951959
464.50644 0.4907613
464.57843 0.4865730
464.65043 0.4823848
464.72246 0.4784430
464.79451 0.4745011
464.86658 0.4705593
464.93868 0.4666174
465.01079 0.4626755
465.08293 0.4587337
465.15509 0.4547918
465.22728 0.4508500
465.29948 0.4469081
465.37171 0.4429662
465.44397 0.4390244
465.51624 0.4350825
465.58854 0.4311407
465.66085 0.4271988
465.73320 0.4235033
465.80556 0.4200542
465.87795 0.4168514
465.95035 0.4134023
466.02279 0.4099532
466.09524 0.4065041
466.16772 0.4030549
466.24021 0.3998522
466.31274 0.3964031
466.38528 0.3929539
466.45785 0.3895048
466.53044 0.3860557
466.60305 0.3828529
466.67568 0.3794038
466.74834 0.3759547
466.82102 0.3725055
466.89372 0.3695492
466.96645 0.3665928
467.03919 0.3636364
467.11196 0.3606800
467.18476 0.3577236
467.25757 0.3547672
467.33041 0.3515644
467.40327 0.3486080
467.47615 0.3456516
467.54906 0.3426952
467.62199 0.3394925
467.69494 0.3365361
467.76792 0.3335797
467.84091 0.3303769
467.91393 0.3274205
467.98698 0.3247105
468.06004 0.3220005
468.13313 0.3195368
468.20624 0.3168268
468.27938 0.3141168
468.35254 0.3114068
468.42572 0.3086967
468.49892 0.3062331
468.57214 0.3035230
468.64539 0.3008130
468.71866 0.2981030
468.79196 0.2953930
468.86528 0.2926829
468.93862 0.2899729
469.01198 0.2872629
469.08537 0.2847992
469.15878 0.2825819
469.23221 0.2803646
469.30566 0.2779010
469.37914 0.2756837
469.45264 0.2734664
469.52617 0.2710027
469.59971 0.2687854
469.67329 0.2663218
469.74688 0.2641045
469.82050 0.2616408
469.89413 0.2594235
469.96780 0.2569598
470.04148 0.2544962
470.11519 0.2522789
470.18892 0.2498152
470.26268 0.2473516
470.33646 0.2448879
470.41026 0.2424242
470.48408 0.2399606
470.55793 0.2374969
470.63180 0.2350333
470.70570 0.2325696
470.77961 0.2301059
470.85355 0.2276423
470.92752 0.2249322
471.00151 0.2224686
471.07552 0.2200049
471.14955 0.2175413
471.22361 0.2150776
471.29769 0.2128603
471.37179 0.2103966
471.44592 0.2081794
471.52007 0.2057157
471.59424 0.2034984
471.66844 0.2010347
471.74266 0.1988174
471.81690 0.1966001
471.89117 0.1941365
471.96546 0.1919192
472.03977 0.1897019
472.11411 0.1872382
472.18847 0.1850209
472.26285 0.1828036
472.33726 0.1803400
472.41169 0.1781227
472.48614 0.1761518
472.56062 0.1739345
472.63512 0.1719635
472.70965 0.1699926
472.78419 0.1680217
472.85877 0.1658044
472.93336 0.1638335
473.00798 0.1618625
473.08262 0.1596452
473.15729 0.1576743
473.23198 0.1557034
473.30669 0.1537324
473.38143 0.1515152
473.45619 0.1495442
473.53097 0.1475733
473.60578 0.1456024
473.68061 0.1438778
473.75546 0.1421532
473.83034 0.1401823
473.90525 0.1384577
473.98017 0.1367332
474.05512 0.1347623
474.13009 0.1330377
474.20509 0.1313131
474.28011 0.1293422
474.35516 0.1276176
474.43022 0.1258931
474.50531 0.1239221
474.58043 0.1221976
474.65557 0.1204730
474.73073 0.1187485
474.80592 0.1175166
474.88113 0.1160384
474.95637 0.1145602
475.03162 0.1130820
475.10691 0.1118502
475.18221 0.1103720
475.25754 0.1088938
475.33290 0.1074156
475.40827 0.1061838
475.48368 0.1047056
475.55910 0.1032274
475.63455 0.1017492
475.71003 0.1005174
475.78552 0.0990392
475.86104 0.0978073
475.93659 0.0965755
476.01216 0.0953437
476.08775 0.0943582
476.16337 0.0931264
476.23901 0.0921409
476.31468 0.0909091
476.39037 0.0899236
476.46608 0.0886918
476.54182 0.0874600
476.61758 0.0864745
476.69337 0.0852427
476.76918 0.0842572
476.84501 0.0830254
476.92087 0.0817935
476.99675 0.0808081
477.07266 0.0798226
477.14859 0.0790835
477.22454 0.0780981
477.30052 0.0773590
477.37653 0.0763735
477.45255 0.0753880
477.52860 0.0746489
477.60468 0.0736635
477.68078 0.0726780
477.75691 0.0719389
477.83305 0.0709534
477.90923 0.0699680
477.98542 0.0692289
478.06165 0.0682434
478.13789 0.0675043
478.21416 0.0665188
478.29046 0.0657797
478.36678 0.0650407
478.44312 0.0643016
478.51949 0.0635625
478.59588 0.0625770
478.67229 0.0618379
478.74874 0.0610988
478.82520 0.0603597
478.90169 0.0596206
478.97820 0.0588815
479.05474 0.0578960
479.13131 0.0571569
479.20789 0.0564178
479.28451 0.0556787
479.36114 0.0549396
479.43780 0.0542005
479.51449 0.0537078
479.59120 0.0529687
479.66793 0.0522296
479.74469 0.0514905
479.82148 0.0509978
479.89828 0.0502587
479.97512 0.0495196
480.05197 0.0487805
480.12886 0.0482878
480.20576 0.0475487
480.28269 0.0468096
480.35965 0.0460705
480.43663 0.0455777
480.51364 0.0448386
480.59067 0.0443459
480.66772 0.0438532
480.74480 0.0433604
480.82191 0.0428677
480.89903 0.0423750
480.97619 0.0418822
481.05337 0.0413895
481.13057 0.0408968
481.20780 0.0404040
481.28505 0.0399113
481.36233 0.0394186
481.43963 0.0389258
481.51696 0.0384331
481.59431 0.0379404
481.67169 0.0374476
481.74909 0.0372013
481.82652 0.0367085
481.90397 0.0364622
481.98144 0.0359695
482.05895 0.0357231
482.13647 0.0354767
482.21402 0.0349840
482.29160 0.0347376
482.36920 0.0344913
482.44683 0.0339985
482.52448 0.0337522
482.60215 0.0332594
482.67986 0.0330131
482.75758 0.0327667
482.83533 0.0322740
482.91311 0.0322740
482.99091 0.0320276
483.06874 0.0317812
483.14659 0.0315349
483.22446 0.0315349
483.30237 0.0312885
483.38029 0.0310421
483.45825 0.0307958
483.53622 0.0305494
483.61422 0.0305494
483.69225 0.0303030
483.77030 0.0300567
483.84838 0.0298103
483.92649 0.0298103
484.00461 0.0295639
484.08277 0.0295639
484.16095 0.0293176
484.23915 0.0293176
484.31738 0.0293176
484.39563 0.0290712
484.47391 0.0290712
484.55222 0.0290712
484.63055 0.0288248
484.70891 0.0288248
484.78729 0.0285785
484.86569 0.0285785
484.94412 0.0285785
485.02258 0.0283321
485.10106 0.0283321
485.17957 0.0283321
485.25811 0.0283321
485.33667 0.0280857
485.41525 0.0280857
485.49386 0.0280857
485.57249 0.0280857
485.65116 0.0280857
485.72984 0.0280857
485.80855 0.0280857
485.88729 0.0278394
485.96605 0.0278394
486.04484 0.0278394
486.12365 0.0278394
486.20249 0.0278394
486.28136 0.0278394
486.36025 0.0278394
486.43917 0.0278394
486.51811 0.0275930
486.59708 0.0275930
486.67607 0.0275930
486.75509 0.0275930
486.83413 0.0275930
486.91320 0.0275930
486.99230 0.0273466
487.07142 0.0273466
487.15057 0.0273466
487.22974 0.0273466
487.30894 0.0273466
487.38816 0.0273466
487.46741 0.0271003
487.54669 0.0271003
487.62599 0.0271003
487.70532 0.0271003
487.78467 0.0271003
487.86405 0.0268539
487.94345 0.0268539
488.02288 0.0268539
488.10234 0.0268539
488.18182 0.0266075
488.26133 0.0266075
488.34087 0.0266075
488.42043 0.0266075
488.50001 0.0263612
488.57963 0.0263612
488.65926 0.0263612
488.73893 0.0263612
488.81862 0.0263612
488.89833 0.0261148
488.97808 0.0261148
489.05784 0.0261148
489.13764 0.0261148
489.21746 0.0261148
489.29730 0.0258684
489.37718 0.0258684
489.45707 0.0258684
489.53700 0.0258684
489.61695 0.0258684
489.69693 0.0258684
489.77693 0.0256221
489.85696 0.0256221
489.93701 0.0256221
490.01709 0.0256221
490.09720 0.0256221
490.17733 0.0253757
490.25749 0.0253757
490.33768 0.0253757
490.41789 0.0253757
490.49813 0.0253757
490.57840 0.0253757
490.65869 0.0251293
490.73900 0.0251293
490.81935 0.0251293
490.89972 0.0251293
490.98011 0.0251293
491.06054 0.0248830
491.14099 0.0248830
491.22146 0.0248830
491.30196 0.0248830
491.38249 0.0248830
491.46305 0.0246366
491.54363 0.0246366
491.62423 0.0246366
491.70487 0.0246366
491.78553 0.0246366
491.86621 0.0243902
491.94693 0.0243902
492.02767 0.0243902
492.10843 0.0243902
492.18923 0.0243902
492.27005 0.0241439
492.35089 0.0241439
492.43176 0.0241439
492.51266 0.0241439
492.59359 0.0241439
492.67454 0.0238975
492.75552 0.0238975
492.83652 0.0238975
492.91756 0.0238975
492.99862 0.0236511
493.07970 0.0236511
493.16081 0.0236511
493.24195 0.0236511
493.32312 0.0234048
493.40431 0.0234048
493.48553 0.0234048
493.56677 0.0234048
493.64805 0.0231584
493.72934 0.0231584
493.81067 0.0231584
493.89202 0.0231584
493.97340 0.0229120
494.05481 0.0229120
494.13624 0.0229120
494.21770 0.0229120
494.29919 0.0226657
494.38070 0.0226657
494.46224 0.0226657
494.54381 0.0226657
494.62541 0.0224193
494.70703 0.0224193
494.78867 0.0224193
494.87035 0.0224193
494.95205 0.0221729
495.03378 0.0221729
495.11554 0.0221729
495.19732 0.0221729
495.27913 0.0219266
495.36097 0.0219266
495.44283 0.0219266
495.52472 0.0216802
495.60664 0.0216802
495.68859 0.0216802
495.77056 0.0216802
495.85256 0.0214339
495.93459 0.0214339
496.01664 0.0214339
496.09872 0.0211875
496.18083 0.0211875
496.26297 0.0211875
496.34513 0.0211875
496.42732 0.0209411
496.50954 0.0209411
496.59178 0.0209411
496.67405 0.0206948
496.75635 0.0206948
496.83868 0.0206948
496.92103 0.0204484
497.00341 0.0204484
497.08582 0.0204484
497.16826 0.0202020
497.25072 0.0202020
497.33321 0.0202020
497.41573 0.0199557
497.49827 0.0199557
497.58084 0.0199557
497.66344 0.0199557
497.74607 0.0197093
497.82872 0.0197093
497.91141 0.0197093
497.99412 0.0197093
498.07685 0.0194629
498.15962 0.0194629
498.24241 0.0194629
498.32523 0.0192166
498.40808 0.0192166
498.49095 0.0192166
498.57385 0.0192166
498.65678 0.0189702
498.73974 0.0189702
498.82273 0.0189702
498.90574 0.0189702
498.98878 0.0187238
499.07185 0.0187238
499.15494 0.0187238
499.23806 0.0184775
499.32122 0.0184775
499.40439 0.0184775
499.48760 0.0184775
499.57083 0.0182311
499.65410 0.0182311
499.73739 0.0182311
499.82070 0.0179847
499.90405 0.0179847
499.98742 0.0179847
500.07082 0.0177384
500.15425 0.0177384
500.23771 0.0177384
500.32119 0.0177384
500.40470 0.0174920
500.48824 0.0174920
500.57181 0.0174920
500.65541 0.0172456
500.73903 0.0172456
500.82268 0.0172456
500.90636 0.0172456
500.99007 0.0169993
501.07381 0.0169993
501.15757 0.0169993
501.24136 0.0167529
501.32518 0.0167529
501.40903 0.0167529
501.49290 0.0167529
501.57681 0.0167529
501.66074 0.0165065
501.74470 0.0165065
501.82869 0.0165065
501.91270 0.0165065
501.99675 0.0162602
502.08082 0.0162602
502.16492 0.0162602
502.24905 0.0162602
502.33321 0.0162602
502.41739 0.0160138
502.50161 0.0160138
502.58585 0.0160138
502.67012 0.0160138
502.75442 0.0160138
502.83874 0.0157674
502.92310 0.0157674
503.00748 0.0157674
503.09189 0.0157674
503.17633 0.0157674
503.26080 0.0155211
503.34530 0.0155211
503.42982 0.0155211
503.51437 0.0155211
503.59896 0.0152747
503.68357 0.0152747
503.76820 0.0152747
503.85287 0.0152747
503.93757 0.0152747
504.02229 0.0150283
504.10704 0.0150283
504.19182 0.0150283
504.27663 0.0150283
504.36147 0.0147820
504.44634 0.0147820
504.53123 0.0147820
504.61616 0.0147820
504.70111 0.0145356
504.78609 0.0145356
504.87110 0.0145356
504.95614 0.0145356
505.04120 0.0142892
505.12630 0.0142892
505.21142 0.0142892
505.29658 0.0142892
505.38176 0.0142892
505.46697 0.0140429
505.55221 0.0140429
505.63747 0.0140429
505.72277 0.0140429
505.80810 0.0140429
505.89345 0.0137965
505.97883 0.0137965
506.06424 0.0137965
506.14968 0.0137965
506.23515 0.0137965
506.32065 0.0135501
506.40618 0.0135501
506.49174 0.0135501
506.57732 0.0135501
506.66293 0.0135501
506.74858 0.0133038
506.83425 0.0133038
506.91995 0.0133038
507.00568 0.0133038
507.09144 0.0130574
507.17723 0.0130574
507.26304 0.0130574
507.34889 0.0130574
507.43476 0.0128110
507.52067 0.0128110
507.60660 0.0128110
507.69256 0.0128110
507.77855 0.0128110
507.86457 0.0125647
507.95062 0.0125647
508.03670 0.0125647
508.12281 0.0125647
508.20895 0.0123183
508.29511 0.0123183
508.38131 0.0123183
508.46753 0.0123183
508.55379 0.0123183
508.64007 0.0120719
508.72638 0.0120719
508.81273 0.0120719
508.89910 0.0120719
508.98550 0.0118256
509.07193 0.0118256
509.15839 0.0118256
509.24488 0.0118256
509.33139 0.0118256
509.41794 0.0115792
509.50452 0.0115792
509.59112 0.0115792
509.67776 0.0115792
509.76442 0.0115792
509.85112 0.0113328
509.93784 0.0113328
510.02460 0.0113328
510.11138 0.0113328
510.19819 0.0113328
510.28503 0.0110865
510.37191 0.0110865
510.45881 0.0110865
510.54574 0.0110865
510.63270 0.0110865
510.71969 0.0108401
510.80671 0.0108401
510.89376 0.0108401
510.98084 0.0108401
511.06795 0.0108401
511.15509 0.0105937
511.24225 0.0105937
511.32945 0.0105937
511.41668 0.0105937
511.50394 0.0105937
511.59123 0.0105937
511.67854 0.0103474
511.76589 0.0103474
511.85327 0.0103474
511.94067 0.0103474
512.02811 0.0103474
512.11558 0.0103474
512.20307 0.0101010
512.29060 0.0101010
512.37815 0.0101010
512.46574 0.0101010
512.55336 0.0101010
512.64100 0.0101010
512.72868 0.0101010
512.81638 0.0101010
512.90412 0.0098546
512.99189 0.0098546
513.07968 0.0098546
513.16751 0.0098546
513.25536 0.0098546
513.34325 0.0098546
513.43117 0.0098546
513.51911 0.0098546
513.60709 0.0096083
513.69510 0.0096083
513.78313 0.0096083
513.87120 0.0096083
513.95930 0.0096083
514.04742 0.0096083
514.13558 0.0096083
514.22377 0.0096083
514.31199 0.0093619
514.40024 0.0093619
514.48852 0.0093619
514.57682 0.0093619
514.66516 0.0093619
514.75353 0.0093619
514.84193 0.0093619
514.93036 0.0093619
515.01882 0.0091155
515.10732 0.0091155
515.19584 0.0091155
515.28439 0.0091155
515.37297 0.0091155
515.46159 0.0091155
515.55023 0.0091155
515.63890 0.0091155
515.72761 0.0088692
515.81634 0.0088692
515.90511 0.0088692
515.99390 0.0088692
516.08273 0.0088692
516.17159 0.0088692
516.26048 0.0086228
516.34939 0.0086228
516.43834 0.0086228
516.52732 0.0086228
516.61633 0.0086228
516.70537 0.0086228
516.79445 0.0086228
516.88355 0.0083764
516.97268 0.0083764
517.06185 0.0083764
517.15104 0.0083764
517.24027 0.0083764
517.32952 0.0081301
517.41881 0.0081301
517.50813 0.0081301
517.59748 0.0081301
517.68686 0.0081301
517.77627 0.0081301
517.86571 0.0078837
517.95518 0.0078837
518.04468 0.0078837
518.13422 0.0078837
518.22378 0.0078837
518.31338 0.0076373
518.40301 0.0076373
518.49266 0.0076373
518.58235 0.0076373
518.67207 0.0076373
518.76182 0.0076373
518.85161 0.0073910
518.94142 0.0073910
519.03126 0.0073910
519.12114 0.0073910
519.21105 0.0073910
519.30098 0.0073910
519.39095 0.0071446
519.48095 0.0071446
519.57098 0.0071446
519.66105 0.0071446
519.75114 0.0071446
519.84127 0.0071446
519.93142 0.0068983
520.02161 0.0068983
520.11183 0.0068983
520.20208 0.0068983
520.29236 0.0068983
520.38267 0.0068983
520.47302 0.0068983
520.56339 0.0066519
520.65380 0.0066519
520.74424 0.0066519
520.83471 0.0066519
520.92521 0.0066519
521.01574 0.0066519
521.10631 0.0066519
521.19690 0.0064055
521.28753 0.0064055
521.37819 0.0064055
521.46888 0.0064055
521.55960 0.0064055
521.65035 0.0064055
521.74114 0.0064055
521.83195 0.0064055
521.92280 0.0061592
522.01368 0.0061592
522.10459 0.0061592
522.19554 0.0061592
522.28651 0.0061592
522.37752 0.0061592
522.46856 0.0061592
522.55963 0.0061592
522.65073 0.0061592
522.74186 0.0059128
522.83303 0.0059128
522.92422 0.0059128
523.01545 0.0059128
523.10671 0.0059128
523.19801 0.0059128
523.28933 0.0059128
523.38069 0.0059128
523.47208 0.0056664
523.56350 0.0056664
523.65495 0.0056664
523.74643 0.0056664
523.83795 0.0056664
523.92950 0.0056664
524.02108 0.0056664
524.11269 0.0056664
524.20433 0.0056664
524.29601 0.0054201
524.38772 0.0054201
524.47946 0.0054201
524.57123 0.0054201
524.66303 0.0054201
524.75487 0.0054201
524.84674 0.0054201
524.93864 0.0054201
525.03057 0.0051737
525.12254 0.0051737
525.21454 0.0051737
525.30657 0.0051737
525.39863 0.0051737
525.49072 0.0051737
525.58285 0.0051737
525.67501 0.0051737
525.76720 0.0051737
525.85942 0.0051737
