# Calzetti et al. 1994
# Wavelength_Angstrom	Alambda_Av
      90.900002     8256.015625 
      93.500008     7550.217773 
      96.099998     6920.799316 
      97.699997     6567.044434 
      99.599998     6176.806641 
     102.000000     5725.740723 
     103.800003     5415.115723 
     105.599998     5125.963867 
     107.699997     4813.364258 
     110.400002     4446.714844 
     114.000000     4012.047607 
     117.800003     3610.933105 
     121.300003     3286.142578 
     124.800003     2998.048584 
     127.099998     2826.277832 
     128.399994     2734.774658 
     130.500000     2594.856689 
     132.399994     2476.103027 
     133.899994     2387.245605 
     136.600006     2237.370117 
     139.800003     2075.019287 
     143.300003     1914.347290 
     147.199997     1753.615479 
     151.000000     1613.265381 
     155.199997     1474.429565 
     158.800003     1367.376831 
     162.000000     1280.424561 
     166.000000     1181.410767 
     170.300003     1085.604004 
     173.399994     1022.614014 
     176.800003      958.781372 
     180.199997      899.935486 
     181.699997      875.436646 
     186.100006      808.299927 
     191.000000      741.042847 
     193.899994      704.567993 
     198.399994      652.358337 
     201.800003      616.130188 
     205.000000      584.331116 
     210.500000      534.376831 
     216.199997      488.171600 
     219.800003      461.574615 
     223.000000      439.452728 
     226.800003      414.892273 
     230.000000      395.540009 
     234.000000      372.922424 
     240.000000      341.965240 
     246.500000      311.992218 
     252.399994      287.597351 
     256.799988      270.951355 
     260.000000      259.601105 
     264.000000      246.240707 
     268.500000      232.226593 
     273.500000      217.810150 
     278.500000      204.500305 
     284.000000      191.017456 
     290.000000      177.556946 
     296.000000      165.266006 
     301.000000      155.829819 
     308.000000      143.726135 
     318.000000      128.409302 
     328.000000      115.087303 
     338.000000      103.456238 
     348.000000       93.265244 
     357.000000       85.151703 
     366.000000       77.907654 
     375.000000       71.424103 
     385.000000       64.999023 
     395.000000       59.288662 
     405.000000       54.200405 
     414.000000       50.087353 
     422.000000       46.760330 
     430.000000       43.711018 
     441.000000       39.922550 
     451.000000       36.838421 
     460.000000       34.321770 
     470.000000       31.781652 
     480.000000       29.482025 
     490.000000       27.396515 
     500.000000       25.502012 
     506.000000       24.448473 
     512.000000       23.452421 
     520.000000       22.207493 
     530.000000       20.773968 
     540.000000       19.463835 
     550.000000       18.264835 
     560.000000       17.166075 
     570.000000       16.157900 
     580.000000       15.231692 
     590.000000       14.379761 
     600.000000       13.595261 
     610.000000       12.872026 
     620.000000       12.204557 
     630.000000       11.587902 
     640.000000       11.017612 
     650.000000       10.489684 
     658.000122       10.095374 
     665.000000        9.769371 
     675.000000        9.332242 
     685.000000        8.926249 
     695.000000        8.548844 
     705.000000        8.197709 
     716.000000        7.839297 
     726.000000        7.536708 
     735.000000        7.281815 
     745.000000        7.016527 
     755.000000        6.768706 
     765.000000        6.537027 
     775.000000        6.320272 
     785.000000        6.117340 
     795.000000        5.927208 
     805.000000        5.748939 
     815.000000        5.581676 
     825.000000        5.424633 
     835.000000        5.277083 
     845.000000        5.138361 
     855.000000        5.007848 
     865.000000        4.884980 
     875.000000        4.769229 
     885.000000        4.660117 
     895.000000        4.557191 
     905.000000        4.460041 
     915.000000        4.368285 
     925.000000        4.281567 
     935.000000        4.199556 
     945.000000        4.121951 
     955.000000        4.048467 
     965.000000        3.978843 
     975.000000        3.912830 
     985.000000        3.850206 
     995.000000        3.790759 
    1005.000000        3.734288 
    1015.000000        3.680619 
    1025.000000        3.629570 
    1035.000000        3.580988 
    1045.000000        3.534724 
    1055.000000        3.490638 
    1065.000000        3.448603 
    1075.000000        3.408494 
    1085.000000        3.370201 
    1095.000000        3.333617 
    1105.000000        3.298641 
    1115.000000        3.265185 
    1125.000000        3.233159 
    1135.000000        3.202481 
    1145.000000        3.173078 
    1155.000000        3.144874 
    1165.000000        3.117806 
    1175.000000        3.091809 
    1185.000000        3.066823 
    1195.000000        3.042795 
    1205.000000        3.019671 
    1215.000000        2.997401 
    1225.000000        2.975943 
    1235.000000        2.955249 
    1245.000000        2.935280 
    1255.000000        2.915998 
    1265.000000        2.897367 
    1275.000000        2.879351 
    1285.000000        2.861920 
    1295.000000        2.845043 
    1305.000000        2.828690 
    1315.000000        2.812837 
    1325.000000        2.797457 
    1335.000000        2.782526 
    1345.000000        2.768022 
    1355.000000        2.753922 
    1365.000000        2.740208 
    1375.000000        2.726859 
    1385.000000        2.713859 
    1395.000000        2.701190 
    1405.000000        2.688835 
    1415.000000        2.676780 
    1425.000000        2.665011 
    1435.000000        2.653512 
    1442.000000        2.645618 
    1447.000000        2.640054 
    1455.000000        2.631280 
    1465.000000        2.620522 
    1475.000000        2.609988 
    1485.000000        2.599668 
    1495.000000        2.589552 
    1505.000000        2.579630 
    1512.000000        2.572796 
    1517.000000        2.567969 
    1525.000000        2.560336 
    1535.000000        2.550946 
    1545.000000        2.541720 
    1555.000000        2.532647 
    1565.000000        2.523724 
    1575.000000        2.514941 
    1585.000000        2.506294 
    1595.000000        2.497778 
    1605.000000        2.489385 
    1615.000000        2.481112 
    1625.000000        2.472952 
    1635.000000        2.464902 
    1645.000000        2.456957 
    1655.000000        2.449113 
    1665.000000        2.441365 
    1672.000000        2.435997 
    1677.000000        2.432190 
    1685.000000        2.426145 
    1695.000000        2.418665 
    1705.000000        2.411268 
    1715.000000        2.403950 
    1725.000000        2.396708 
    1735.000000        2.389540 
    1745.000000        2.382443 
    1755.000000        2.375414 
    1765.000000        2.368450 
    1775.000000        2.361550 
    1785.000000        2.354711 
    1795.000000        2.347931 
    1805.000000        2.341209 
    1815.000000        2.334541 
    1825.000000        2.327927 
    1835.000000        2.321364 
    1845.000000        2.314852 
    1855.000000        2.308388 
    1865.000000        2.301971 
    1875.000000        2.295599 
    1885.000000        2.289271 
    1895.000000        2.282986 
    1905.000000        2.276743 
    1915.000000        2.270540 
    1925.000000        2.264376 
    1935.000000        2.258249 
    1945.000000        2.252161 
    1955.000000        2.246108 
    1967.000000        2.238890 
    1976.000000        2.233510 
    1984.000000        2.228750 
    1995.000000        2.222240 
    2005.000000        2.216355 
    2015.000000        2.210499 
    2025.000000        2.204675 
    2035.000000        2.198881 
    2045.000000        2.193115 
    2055.000000        2.187378 
    2065.000000        2.181669 
    2074.000000        2.176554 
    2078.000000        2.174288 
    2085.000000        2.170332 
    2095.000000        2.164702 
    2105.000000        2.159099 
    2115.000000        2.153520 
    2125.000000        2.147967 
    2135.000000        2.142438 
    2145.000000        2.136933 
    2155.000000        2.131450 
    2165.000000        2.125992 
    2175.000000        2.120555 
    2185.000000        2.115142 
    2195.000000        2.109750 
    2205.000000        2.104380 
    2215.000000        2.099031 
    2225.000000        2.093704 
    2235.000000        2.088397 
    2245.000000        2.083111 
    2255.000000        2.077846 
    2265.000000        2.072600 
    2275.000000        2.067374 
    2285.000000        2.062168 
    2295.000000        2.056981 
    2305.000000        2.051812 
    2315.000000        2.046664 
    2325.000000        2.041533 
    2335.000000        2.036422 
    2345.000000        2.031329 
    2355.000000        2.026253 
    2365.000000        2.021196 
    2375.000000        2.016157 
    2385.000000        2.011136 
    2395.000000        2.006131 
    2405.000000        2.001144 
    2415.000000        1.996175 
    2425.000000        1.991222 
    2435.000000        1.986287 
    2445.000000        1.981368 
    2455.000000        1.976466 
    2465.000000        1.971581 
    2475.000000        1.966712 
    2485.000000        1.961859 
    2495.000000        1.957023 
    2505.000000        1.952203 
    2513.000000        1.948358 
    2518.000000        1.945961 
    2525.000000        1.942611 
    2535.000000        1.937838 
    2545.000000        1.933082 
    2555.000000        1.928341 
    2565.000000        1.923615 
    2575.000000        1.918906 
    2585.000000        1.914211 
    2595.000000        1.909532 
    2605.000000        1.904868 
    2615.000000        1.900219 
    2625.000000        1.895585 
    2635.000000        1.890966 
    2645.000000        1.886363 
    2655.000000        1.881773 
    2665.000000        1.877200 
    2675.000000        1.872640 
    2685.000000        1.868095 
    2695.000000        1.863565 
    2705.000000        1.859049 
    2715.000000        1.854548 
    2725.000000        1.850061 
    2735.000000        1.845589 
    2745.000000        1.841130 
    2755.000000        1.836686 
    2765.000000        1.832256 
    2775.000000        1.827840 
    2785.000000        1.823439 
    2795.000000        1.819051 
    2805.000000        1.814677 
    2815.000000        1.810317 
    2825.000000        1.805971 
    2835.000000        1.801639 
    2845.000000        1.797320 
    2855.000000        1.793015 
    2865.000000        1.788723 
    2875.000000        1.784445 
    2885.000000        1.780181 
    2895.000000        1.775930 
    2910.000000        1.769579 
    2930.000000        1.761158 
    2950.000000        1.752789 
    2970.000000        1.744473 
    2990.000000        1.736209 
    3010.000000        1.727997 
    3030.000000        1.719837 
    3050.000000        1.711727 
    3070.000000        1.703669 
    3090.000000        1.695661 
    3110.000000        1.687703 
    3130.000000        1.679795 
    3150.000000        1.671936 
    3170.000000        1.664127 
    3190.000000        1.656366 
    3210.000000        1.648654 
    3230.000000        1.640990 
    3250.000000        1.633373 
    3270.000000        1.625804 
    3290.000000        1.618282 
    3310.000000        1.610807 
    3330.000000        1.603378 
    3350.000000        1.595996 
    3370.000000        1.588659 
    3390.000000        1.581368 
    3410.000000        1.574122 
    3430.000000        1.566921 
    3450.000000        1.559765 
    3470.000000        1.552653 
    3490.000000        1.545585 
    3510.000000        1.538560 
    3530.000000        1.531579 
    3550.000000        1.524641 
    3570.000000        1.517746 
    3590.000000        1.510893 
    3610.000000        1.504082 
    3630.000000        1.497313 
    3640.000000        1.493944 
    3650.000000        1.490586 
    3670.000000        1.483900 
    3690.000000        1.477255 
    3710.000000        1.470650 
    3730.000000        1.464086 
    3750.000000        1.457562 
    3770.000000        1.451078 
    3790.000000        1.444633 
    3810.000000        1.438227 
    3830.000000        1.431861 
    3850.000000        1.425533 
    3870.000000        1.419243 
    3890.000000        1.412992 
    3910.000000        1.406778 
    3930.000000        1.400602 
    3950.000000        1.394463 
    3970.000000        1.388361 
    3990.000000        1.382295 
    4010.000000        1.376266 
    4030.000000        1.370273 
    4050.000000        1.364317 
    4070.000000        1.358395 
    4090.000000        1.352509 
    4110.000000        1.346659 
    4130.000000        1.340843 
    4150.000000        1.335061 
    4170.000000        1.329314 
    4190.000000        1.323601 
    4210.000000        1.317922 
    4230.000000        1.312276 
    4250.000000        1.306663 
    4270.000000        1.301084 
    4290.000000        1.295537 
    4310.000000        1.290023 
    4330.000000        1.284542 
    4350.000000        1.279092 
    4370.000000        1.273674 
    4390.000000        1.268288 
    4410.000000        1.262933 
    4430.000000        1.257609 
    4450.000000        1.252316 
    4470.000000        1.247053 
    4490.000000        1.241822 
    4510.000000        1.236620 
    4530.000000        1.231448 
    4550.000000        1.226306 
    4570.000000        1.221193 
    4590.000000        1.216110 
    4610.000000        1.211056 
    4630.000000        1.206030 
    4650.000000        1.201033 
    4670.000000        1.196065 
    4690.000000        1.191125 
    4710.000000        1.186213 
    4730.000000        1.181328 
    4750.000000        1.176471 
    4770.000000        1.171642 
    4790.000000        1.166839 
    4810.000000        1.162063 
    4830.000000        1.157315 
    4850.000000        1.152593 
    4870.000000        1.147897 
    4890.000000        1.143227 
    4910.000000        1.138583 
    4930.000000        1.133965 
    4950.000000        1.129373 
    4970.000000        1.124806 
    4990.000000        1.120264 
    5010.000000        1.115747 
    5030.000000        1.111255 
    5050.000000        1.106788 
    5070.000000        1.102344 
    5090.000000        1.097926 
    5110.000000        1.093531 
    5130.000000        1.089160 
    5150.000000        1.084813 
    5170.000000        1.080490 
    5190.000000        1.076189 
    5210.000000        1.071912 
    5230.000000        1.067658 
    5250.000000        1.063427 
    5270.000000        1.059219 
    5290.000000        1.055033 
    5310.000000        1.050869 
    5330.000000        1.046728 
    5350.000000        1.042609 
    5370.000000        1.038511 
    5390.000000        1.034436 
    5410.000000        1.030381 
    5430.000000        1.026349 
    5450.000000        1.022337 
    5470.000000        1.018347 
    5490.000000        1.014377 
    5510.000000        1.010428 
    5530.000000        1.006500 
    5550.000000        1.002592 
    5570.000000        0.998705 
    5590.000000        0.994837 
    5610.000000        0.990990 
    5630.000000        0.987163 
    5650.000000        0.983355 
    5670.000000        0.979568 
    5690.000000        0.975799 
    5710.000000        0.972050 
    5730.000000        0.968320 
    5750.000000        0.964609 
    5770.000000        0.960917 
    5790.000000        0.957243 
    5810.000000        0.953589 
    5830.000000        0.949953 
    5850.000000        0.946335 
    5870.000000        0.942735 
    5890.000000        0.939154 
    5910.000000        0.935590 
    5930.000000        0.932045 
    5950.000000        0.928517 
    5970.000000        0.925007 
    5990.000000        0.921514 
    6010.000000        0.918038 
    6030.000000        0.914580 
    6050.000000        0.911139 
    6070.000000        0.907715 
    6090.000000        0.904308 
    6110.000000        0.900918 
    6130.000000        0.897544 
    6150.000000        0.894187 
    6170.000000        0.890846 
    6190.000000        0.887521 
    6210.000000        0.884213 
    6230.000000        0.880921 
    6250.000000        0.877644 
    6270.000000        0.874384 
    6290.000000        0.871139 
    6310.000000        0.874054 
    6330.000000        0.870591 
    6350.000000        0.867150 
    6370.000000        0.863730 
    6390.000000        0.860332 
    6410.000000        0.856955 
    6430.000000        0.853598 
    6450.000000        0.850263 
    6470.000000        0.846948 
    6490.000000        0.843654 
    6510.000000        0.840380 
    6530.000000        0.837126 
    6550.000000        0.833892 
    6570.000000        0.830678 
    6590.000000        0.827483 
    6610.000000        0.824307 
    6630.000000        0.821151 
    6650.000000        0.818014 
    6670.000000        0.814895 
    6690.000000        0.811795 
    6710.000000        0.808714 
    6730.000000        0.805651 
    6750.000000        0.802605 
    6770.000000        0.799579 
    6790.000000        0.796569 
    6810.000000        0.793578 
    6830.000000        0.790604 
    6850.000000        0.787647 
    6870.000000        0.784708 
    6890.000000        0.781785 
    6910.000000        0.778880 
    6930.000000        0.775991 
    6950.000000        0.773119 
    6970.000000        0.770264 
    6990.000000        0.767425 
    7010.000000        0.764602 
    7030.000000        0.761795 
    7050.000000        0.759004 
    7070.000000        0.756229 
    7090.000000        0.753469 
    7110.000000        0.750725 
    7130.000000        0.747996 
    7150.000000        0.745283 
    7170.000000        0.742585 
    7190.000000        0.739901 
    7210.000000        0.737233 
    7230.000000        0.734580 
    7250.000000        0.731941 
    7270.000000        0.729316 
    7290.000000        0.726706 
    7310.000000        0.724110 
    7330.000000        0.721529 
    7350.000000        0.718961 
    7370.000000        0.716408 
    7390.000000        0.713868 
    7410.000000        0.711342 
    7430.000000        0.708830 
    7450.000000        0.706331 
    7470.000000        0.703845 
    7490.000000        0.701373 
    7510.000000        0.698914 
    7530.000000        0.696468 
    7550.000000        0.694034 
    7570.000000        0.691614 
    7590.000000        0.689207 
    7610.000000        0.686812 
    7630.000000        0.684429 
    7650.000000        0.682060 
    7670.000000        0.679702 
    7690.000000        0.677357 
    7710.000000        0.675024 
    7730.000000        0.672703 
    7750.000000        0.670394 
    7770.000000        0.668097 
    7790.000000        0.665811 
    7810.000000        0.663538 
    7830.000000        0.661276 
    7850.000000        0.659025 
    7870.000000        0.656786 
    7890.000000        0.654559 
    7910.000000        0.652342 
    7930.000000        0.650137 
    7950.000000        0.647943 
    7970.000000        0.645760 
    7990.000000        0.643588 
    8010.000000        0.641426 
    8030.000000        0.639276 
    8050.000000        0.637136 
    8070.000000        0.635006 
    8090.000000        0.632888 
    8110.000000        0.630779 
    8130.000000        0.628681 
    8150.000000        0.626594 
    8170.000000        0.624516 
    8190.000000        0.622449 
    8210.000000        0.620392 
    8230.000000        0.618345 
    8250.000000        0.616307 
    8270.000000        0.614280 
    8290.000000        0.612262 
    8310.000000        0.610254 
    8330.000000        0.608256 
    8350.000000        0.606267 
    8370.000000        0.604288 
    8390.000000        0.602318 
    8410.000000        0.600358 
    8430.000000        0.598407 
    8450.000000        0.596465 
    8470.000000        0.594532 
    8490.000000        0.592609 
    8510.000000        0.590694 
    8530.000000        0.588789 
    8550.000000        0.586892 
    8570.000000        0.585004 
    8590.000000        0.583125 
    8610.000000        0.581255 
    8630.000000        0.579393 
    8650.000000        0.577540 
    8670.000000        0.575696 
    8690.000000        0.573860 
    8710.000000        0.572032 
    8730.000000        0.570213 
    8750.000000        0.568402 
    8770.000000        0.566600 
    8790.000000        0.564805 
    8810.000000        0.563019 
    8830.000000        0.561241 
    8850.000000        0.559471 
    8870.000000        0.557708 
    8890.000000        0.555954 
    8910.000000        0.554208 
    8930.000000        0.552469 
    8950.000000        0.550739 
    8970.000000        0.549016 
    8990.000000        0.547300 
    9010.000000        0.545593 
    9030.000000        0.543892 
    9050.000000        0.542200 
    9070.000000        0.540515 
    9090.000000        0.538837 
    9110.000000        0.537166 
    9130.000000        0.535503 
    9150.000000        0.533847 
    9170.000000        0.532199 
    9190.000000        0.530557 
    9210.000000        0.528923 
    9230.000000        0.527296 
    9250.000000        0.525676 
    9270.000000        0.524063 
    9290.000000        0.522456 
    9310.000000        0.520857 
    9330.000000        0.519265 
    9350.000000        0.517679 
    9370.000000        0.516100 
    9390.000000        0.514528 
    9410.000000        0.512962 
    9430.000000        0.511404 
    9450.000000        0.509851 
    9470.000000        0.508305 
    9490.000000        0.506766 
    9510.000000        0.505234 
    9530.000000        0.503707 
    9550.000000        0.502188 
    9570.000000        0.500674 
    9590.000000        0.499167 
    9610.000000        0.497666 
    9630.000000        0.496171 
    9650.000000        0.494683 
    9670.000000        0.493200 
    9690.000000        0.491724 
    9710.000000        0.490254 
    9730.000000        0.488790 
    9750.000000        0.487332 
    9770.000000        0.485880 
    9790.000000        0.484433 
    9810.000000        0.482993 
    9830.000000        0.481559 
    9850.000000        0.480130 
    9870.000000        0.478707 
    9890.000000        0.477290 
    9910.000000        0.475879 
    9930.000000        0.474473 
    9950.000000        0.473073 
    9970.000000        0.471679 
    9990.000000        0.470290 
   10025.000000        0.467873 
   10075.000000        0.464449 
   10125.000000        0.461059 
   10175.000000        0.457702 
   10225.000000        0.454378 
   10275.000000        0.451087 
   10325.000000        0.447827 
   10375.000000        0.444599 
   10425.000000        0.441402 
   10475.000000        0.438235 
   10525.000000        0.435098 
   10575.000000        0.431991 
   10625.000000        0.428913 
   10675.000000        0.425864 
   10725.000000        0.422844 
   10775.000000        0.419851 
   10825.000000        0.416887 
   10875.000000        0.413949 
   10925.000000        0.411038 
   10975.000000        0.408154 
   11025.000000        0.405296 
   11075.000000        0.402464 
   11125.000000        0.399657 
   11175.000000        0.396876 
   11225.000000        0.394119 
   11275.000000        0.391386 
   11325.000000        0.388678 
   11375.000000        0.385994 
   11425.000000        0.383333 
   11475.000000        0.380695 
   11525.000000        0.378080 
   11575.000000        0.375488 
   11625.000000        0.372918 
   11675.000000        0.370370 
   11725.000000        0.367844 
   11775.000000        0.365339 
   11825.000000        0.362855 
   11875.000000        0.360393 
   11925.000000        0.357951 
   11975.000000        0.355529 
   12025.000000        0.353127 
   12075.000000        0.350746 
   12125.000000        0.348384 
   12175.000000        0.346041 
   12225.000000        0.343718 
   12275.000000        0.341413 
   12325.000000        0.339128 
   12375.000000        0.336860 
   12425.000000        0.334611 
   12475.000000        0.332380 
   12525.000000        0.330167 
   12575.000000        0.327971 
   12625.000000        0.325793 
   12675.000000        0.323632 
   12725.000000        0.321488 
   12775.000000        0.319361 
   12825.000000        0.317250 
   12875.000000        0.315155 
   12925.000000        0.313077 
   12975.000000        0.311015 
   13025.000000        0.308969 
   13075.000000        0.306938 
   13125.000000        0.304923 
   13175.000000        0.302924 
   13225.000000        0.300939 
   13275.000000        0.298969 
   13325.000000        0.297014 
   13375.000000        0.295074 
   13425.000000        0.293148 
   13475.000000        0.291236 
   13525.000000        0.289339 
   13575.000000        0.287455 
   13625.000000        0.285585 
   13675.000000        0.283729 
   13725.000000        0.281887 
   13775.000000        0.280058 
   13825.000000        0.278242 
   13875.000000        0.276439 
   13925.000000        0.274649 
   13975.000000        0.272872 
   14025.000000        0.271108 
   14075.000000        0.269356 
   14125.000000        0.267617 
   14175.000000        0.265889 
   14225.000000        0.264174 
   14275.000000        0.262471 
   14325.000000        0.260780 
   14375.000000        0.259101 
   14425.000000        0.257433 
   14475.000000        0.255777 
   14525.000000        0.254132 
   14570.000000        0.252662 
   14620.000000        0.251038 
   14675.000000        0.249265 
   14725.000000        0.247665 
   14775.000000        0.246075 
   14825.000000        0.244496 
   14875.000000        0.242928 
   14925.000000        0.241371 
   14975.000000        0.239823 
   15025.000000        0.238286 
   15075.000000        0.236760 
   15125.000000        0.235243 
   15175.000000        0.233736 
   15225.000000        0.232240 
   15275.000000        0.230752 
   15325.000000        0.229275 
   15375.000000        0.227808 
   15425.000000        0.226349 
   15475.000000        0.224901 
   15525.000000        0.223461 
   15575.000000        0.222031 
   15625.000000        0.220610 
   15675.000000        0.219198 
   15725.000000        0.217795 
   15775.000000        0.216401 
   15825.000000        0.215016 
   15875.000000        0.213639 
   15925.000000        0.212271 
   15975.000000        0.210912 
   16050.000000        0.208889 
   16150.000000        0.206221 
   16250.000000        0.203585 
   16350.000000        0.200982 
   16450.000000        0.198411 
   16550.000000        0.195870 
   16650.000000        0.193360 
   16750.000000        0.190880 
   16850.000000        0.188430 
   16950.000000        0.186008 
   17050.000000        0.183615 
   17150.000000        0.181250 
   17250.000000        0.178912 
   17350.000000        0.176601 
   17450.000000        0.174316 
   17550.000000        0.172058 
   17650.000000        0.169825 
   17750.000000        0.167618 
   17850.000000        0.165435 
   17950.000000        0.163276 
   18050.000000        0.161141 
   18150.000000        0.159030 
   18250.000000        0.156942 
   18350.000000        0.154877 
   18450.000000        0.152834 
   18550.000000        0.150813 
   18650.000000        0.148814 
   18750.000000        0.146836 
   18850.000000        0.144879 
   18950.000000        0.142943 
   19050.000000        0.141027 
   19150.000000        0.139131 
   19250.000000        0.137255 
   19350.000000        0.135398 
   19450.000000        0.133560 
   19550.000000        0.131742 
   19650.000000        0.129941 
   19750.000000        0.128159 
   19850.000000        0.126395 
   19950.000000        0.124648 
   20050.000000        0.122919 
   20150.000000        0.121207 
   20250.000000        0.119512 
   20350.000000        0.117834 
   20450.000000        0.116172 
   20550.000000        0.114526 
   20650.000000        0.112896 
   20750.000000        0.111282 
   20850.000000        0.109684 
   20950.000000        0.108100 
   21050.000000        0.106532 
   21150.000000        0.104978 
   21250.000000        0.103439 
   21350.000000        0.101915 
   21450.000000        0.100405 
   21550.000000        0.098909 
   21650.000000        0.097426 
   21750.000000        0.095957 
   21850.000000        0.094502 
   21950.000000        0.093060 
   22050.000000        0.091631 
   22150.000000        0.090215 
   22250.000000        0.088811 
   22350.000000        0.087421 
   22450.000000        0.086042 
   22550.000000        0.084676 
   22650.000000        0.083322 
   22750.000000        0.081980 
   22850.000000        0.080649 
   22950.000000        0.079330 
   23050.000000        0.078023 
   23150.000000        0.076727 
   23250.000000        0.075442 
   23350.000000        0.074168 
   23450.000000        0.072905 
   23550.000000        0.071652 
   23650.000000        0.070410 
   23750.000000        0.069179 
   23850.000000        0.067958 
   23950.000000        0.066747 
   24050.000000        0.065547 
   24150.000000        0.064356 
   24250.000000        0.063175 
   24350.000000        0.062003 
   24450.000000        0.060842 
   24550.000000        0.059690 
   24650.000000        0.058547 
   24750.000000        0.057413 
   24850.000000        0.056288 
   24950.000000        0.055173 
   25050.000000        0.054066 
   25150.000000        0.052968 
   25250.000000        0.051879 
   25350.000000        0.050799 
   25450.000000        0.049727 
   25550.000000        0.048663 
   25650.000000        0.047608 
   25750.000000        0.046561 
   25850.000000        0.045522 
   25950.000000        0.044490 
   26050.000000        0.043467 
   26150.000000        0.042452 
   26250.000000        0.041444 
   26350.000000        0.040445 
   26450.000000        0.039452 
   26550.000000        0.038467 
   26650.000000        0.037490 
   26750.000000        0.036520 
   26850.000000        0.035557 
   26950.000000        0.034601 
   27050.000000        0.033652 
   27150.000000        0.032710 
   27250.000000        0.031776 
   27350.000000        0.030848 
   27450.000000        0.029926 
   27550.000000        0.029012 
   27650.000000        0.028104 
   27750.000000        0.027202 
   27850.000000        0.026307 
   27950.000000        0.025419 
   28050.000000        0.024537 
   28150.000000        0.023661 
   28250.000000        0.022791 
   28350.000000        0.021928 
   28450.000000        0.021070 
   28550.000000        0.020219 
   28650.000000        0.019373 
   28750.000000        0.018533 
   28850.000000        0.017700 
   28950.000000        0.016871 
   29050.000000        0.016049 
   29150.000000        0.015232 
   29250.000000        0.014421 
   29350.000000        0.013615 
   29450.000000        0.012815 
   29550.000000        0.012021 
   29650.000000        0.011231 
   29750.000000        0.010447 
   29850.000000        0.009668 
   29950.000000        0.008895 
   30050.000000        0.008126 
   30150.000000        0.007363 
   30250.000000        0.006604 
   30350.000000        0.005851 
   30450.000000        0.005103 
   30550.000000        0.004359 
   30650.000000        0.003620 
   30750.000000        0.002887 
   30850.000000        0.002158 
   30950.000000        0.001433 
   31050.000000        0.000714 
   31150.000000        0.000000 
   31250.000000        0.000000 
   31350.000000        0.000000 
   31450.000000        0.000000 
   31550.000000        0.000000 
   31650.000000        0.000000 
   31750.000000        0.000000 
   31850.000000        0.000000 
   31950.000000        0.000000 
   32100.000000        0.000000 
   32300.000000        0.000000 
   32500.000000        0.000000 
   32700.000000        0.000000 
   32900.000000        0.000000 
   33100.000000        0.000000 
   33300.000000        0.000000 
   33500.000000        0.000000 
   33700.000000        0.000000 
   33900.000000        0.000000 
   34100.000000        0.000000 
   34300.000000        0.000000 
   34500.000000        0.000000 
   34700.000000        0.000000 
   34900.000000        0.000000 
   35100.000000        0.000000 
   35300.000000        0.000000 
   35500.000000        0.000000 
   35700.000000        0.000000 
   35900.000000        0.000000 
   36100.000000        0.000000 
   36300.000000        0.000000 
   36500.000000        0.000000 
   36700.000000        0.000000 
   36900.000000        0.000000 
   37100.000000        0.000000 
   37300.000000        0.000000 
   37500.000000        0.000000 
   37700.000000        0.000000 
   37900.000000        0.000000 
   38100.000000        0.000000 
   38300.000000        0.000000 
   38500.000000        0.000000 
   38700.000000        0.000000 
   38900.000000        0.000000 
   39100.000000        0.000000 
   39300.000000        0.000000 
   39500.000000        0.000000 
   39700.000000        0.000000 
   39900.000000        0.000000 
   40100.000000        0.000000 
   40300.000000        0.000000 
   40500.000000        0.000000 
   40700.000000        0.000000 
   40900.000000        0.000000 
   41100.000000        0.000000 
   41300.000000        0.000000 
   41500.000000        0.000000 
   41700.000000        0.000000 
   41900.000000        0.000000 
   42100.000000        0.000000 
   42300.000000        0.000000 
   42500.000000        0.000000 
   42700.000000        0.000000 
   42900.000000        0.000000 
   43100.000000        0.000000 
   43300.000000        0.000000 
   43500.000000        0.000000 
   43700.000000        0.000000 
   43900.000000        0.000000 
   44100.000000        0.000000 
   44300.000000        0.000000 
   44500.000000        0.000000 
   44700.000000        0.000000 
   44900.000000        0.000000 
   45100.000000        0.000000 
   45300.000000        0.000000 
   45500.000000        0.000000 
   45700.000000        0.000000 
   45900.000000        0.000000 
   46100.000000        0.000000 
   46300.000000        0.000000 
   46500.000000        0.000000 
   46700.000000        0.000000 
   46900.000000        0.000000 
   47100.000000        0.000000 
   47300.000000        0.000000 
   47500.000000        0.000000 
   47700.000000        0.000000 
   47900.000000        0.000000 
   48100.000000        0.000000 
   48300.000000        0.000000 
   48500.000000        0.000000 
   48700.000000        0.000000 
   48900.000000        0.000000 
   49100.000000        0.000000 
   49300.000000        0.000000 
   49500.000000        0.000000 
   49700.000000        0.000000 
   49900.000000        0.000000 
   50100.000000        0.000000 
   50300.000000        0.000000 
   50500.000000        0.000000 
   50700.000000        0.000000 
   50900.000000        0.000000 
   51100.000000        0.000000 
   51300.000000        0.000000 
   51500.000000        0.000000 
   51700.000000        0.000000 
   51900.000000        0.000000 
   52100.000000        0.000000 
   52300.000000        0.000000 
   52500.000000        0.000000 
   52700.000000        0.000000 
   52900.000000        0.000000 
   53100.000000        0.000000 
   53300.000000        0.000000 
   53500.000000        0.000000 
   53700.000000        0.000000 
   53900.000000        0.000000 
   54100.000000        0.000000 
   54300.000000        0.000000 
   54500.000000        0.000000 
   54700.000000        0.000000 
   54900.000000        0.000000 
   55100.000000        0.000000 
   55300.000000        0.000000 
   55500.000000        0.000000 
   55700.000000        0.000000 
   55900.000000        0.000000 
   56100.000000        0.000000 
   56300.000000        0.000000 
   56500.000000        0.000000 
   56700.000000        0.000000 
   56900.000000        0.000000 
   57100.000000        0.000000 
   57300.000000        0.000000 
   57500.000000        0.000000 
   57700.000000        0.000000 
   57900.000000        0.000000 
   58100.000000        0.000000 
   58300.000000        0.000000 
   58500.000000        0.000000 
   58700.000000        0.000000 
   58900.000000        0.000000 
   59100.000000        0.000000 
   59300.000000        0.000000 
   59500.000000        0.000000 
   59700.000000        0.000000 
   59900.000000        0.000000 
   60100.000000        0.000000 
   60300.000000        0.000000 
   60500.000000        0.000000 
   60700.000000        0.000000 
   60900.000000        0.000000 
   61100.000000        0.000000 
   61300.000000        0.000000 
   61500.000000        0.000000 
   61700.000000        0.000000 
   61900.000000        0.000000 
   62100.000000        0.000000 
   62300.000000        0.000000 
   62500.000000        0.000000 
   62700.000000        0.000000 
   62900.000000        0.000000 
   63100.000000        0.000000 
   63300.000000        0.000000 
   63500.000000        0.000000 
   63700.000000        0.000000 
   63900.000000        0.000000 
   64200.000000        0.000000 
   64600.000000        0.000000 
   65000.000000        0.000000 
   65400.000000        0.000000 
   65800.000000        0.000000 
   66200.000000        0.000000 
   66600.000000        0.000000 
   67000.000000        0.000000 
   67400.000000        0.000000 
   67800.000000        0.000000 
   68200.000000        0.000000 
   68600.000000        0.000000 
   69000.000000        0.000000 
   69400.000000        0.000000 
   69800.000000        0.000000 
   70200.000000        0.000000 
   70600.000000        0.000000 
   71000.000000        0.000000 
   71400.000000        0.000000 
   71800.000000        0.000000 
   72200.000000        0.000000 
   72600.000000        0.000000 
   73000.000000        0.000000 
   73400.000000        0.000000 
   73800.000000        0.000000 
   74200.000000        0.000000 
   74600.000000        0.000000 
   75000.000000        0.000000 
   75400.000000        0.000000 
   75800.000000        0.000000 
   76200.000000        0.000000 
   76600.000000        0.000000 
   77000.000000        0.000000 
   77400.000000        0.000000 
   77800.000000        0.000000 
   78200.000000        0.000000 
   78600.000000        0.000000 
   79000.000000        0.000000 
   79400.000000        0.000000 
   79800.000000        0.000000 
   80200.000000        0.000000 
   80600.000000        0.000000 
   81000.000000        0.000000 
   81400.000000        0.000000 
   81800.000000        0.000000 
   82200.000000        0.000000 
   82600.000000        0.000000 
   83000.000000        0.000000 
   83400.000000        0.000000 
   83800.000000        0.000000 
   84200.000000        0.000000 
   84600.000000        0.000000 
   85000.000000        0.000000 
   85400.000000        0.000000 
   85800.000000        0.000000 
   86200.000000        0.000000 
   86600.000000        0.000000 
   87000.000000        0.000000 
   87400.000000        0.000000 
   87800.000000        0.000000 
   88200.000000        0.000000 
   88600.000000        0.000000 
   89000.000000        0.000000 
   89400.000000        0.000000 
   89800.000000        0.000000 
   90200.000000        0.000000 
   90600.000000        0.000000 
   91000.000000        0.000000 
   91400.000000        0.000000 
   91800.000000        0.000000 
   92200.000000        0.000000 
   92600.000000        0.000000 
   93000.000000        0.000000 
   93400.000000        0.000000 
   93800.000000        0.000000 
   94200.000000        0.000000 
   94600.000000        0.000000 
   95000.000000        0.000000 
   95400.000000        0.000000 
   95800.000000        0.000000 
   96200.000000        0.000000 
   96600.000000        0.000000 
   97000.000000        0.000000 
   97400.000000        0.000000 
   97800.000000        0.000000 
   98200.000000        0.000000 
   98600.000000        0.000000 
   99000.000000        0.000000 
   99400.000000        0.000000 
   99800.000000        0.000000 
  100200.000000        0.000000 
  200000.000000        0.000000 
  400000.000000        0.000000 
  600000.000000        0.000000 
  800000.000000        0.000000 
 1000000.000000        0.000000 
 1200000.000000        0.000000 
 1400000.000000        0.000000 
 1600000.000000        0.000000 
