   90.90000       53857.59    
   93.50001       49161.24    
   96.10000       44978.16    
   97.70000       42629.46    
   99.60000       40040.64    
   102.0000       37051.34    
   103.8000       34994.80    
   105.6000       33082.07    
   107.7000       31016.14    
   110.4000       28595.77    
   114.0000       25730.71    
   117.8000       23091.52    
   121.3000       20958.30    
   124.8000       19069.34    
   127.1000       17944.70    
   128.4000       17346.13    
   130.5000       16431.62    
   132.4000       15656.21    
   133.9000       15076.51    
   136.6000       14099.75    
   139.8000       13043.24    
   143.3000       11999.42    
   147.2000       10957.17    
   151.0000       10048.88    
   155.2000       9152.229    
   158.8000       8462.247    
   162.0000       7902.816    
   166.0000       7266.977    
   170.3000       6653.085    
   173.4000       6250.265    
   176.8000       5842.771    
   180.2000       5467.797    
   181.7000       5311.894    
   186.1000       4885.339    
   191.0000       4459.105    
   193.9000       4228.453    
   198.4000       3898.974    
   201.8000       3670.854    
   205.0000       3471.000    
   210.5000       3157.807    
   216.2000       2869.046    
   219.8000       2703.277    
   223.0000       2565.674    
   226.8000       2413.214    
   230.0000       2293.332    
   234.0000       2153.522    
   240.0000       1962.729    
   246.5000       1778.697    
   252.4000       1629.483    
   256.8000       1527.991    
   260.0000       1458.952    
   264.0000       1377.868    
   268.5000       1293.046    
   273.5000       1206.052    
   278.5000       1125.993    
   284.0000       1045.170    
   290.0000       964.7848    
   296.0000       891.6758    
   301.0000       835.7544    
   308.0000       764.3153    
   318.0000       674.4343    
   328.0000       596.8044    
   338.0000       529.5100    
   348.0000       470.9746    
   357.0000       424.6994    
   366.0000       383.6626    
   375.0000       347.1870    
   385.0000       311.3071    
   395.0000       279.6713    
   405.0000       251.7099    
   414.0000       229.2849    
   422.0000       211.2750    
   430.0000       194.8811    
   441.0000       174.6802    
   451.0000       158.3878    
   460.0000       145.2073    
   470.0000       132.0197    
   480.0000       120.1927    
   490.0000       109.5691    
   500.0000       100.0126    
   506.0000       94.74052    
   512.0000       89.78627    
   520.0000       83.63824    
   530.0000       76.62449    
   540.0000       70.28195    
   550.0000       64.53976    
   560.0000       59.33532    
   570.0000       54.61320    
   580.0000       50.32438    
   590.0000       46.42532    
   600.0000       42.87733    
   610.0000       39.64585    
   620.0000       36.70020    
   630.0000       34.01288    
   640.0000       31.55930    
   650.0000       29.31746    
   658.0001       27.66307    
   665.0000       26.30904    
   675.0000       24.51443    
   685.0000       22.87071    
   695.0000       21.36424    
   705.0000       19.98270    
   716.0000       18.59406    
   726.0000       17.43996    
   735.0000       16.48169    
   745.0000       15.49880    
   755.0000       14.59486    
   765.0000       13.76307    
   775.0000       12.99727    
   785.0000       12.29186    
   795.0000       11.64173    
   805.0000       11.04225    
   815.0000       10.48917    
   825.0000       9.978634    
   835.0000       9.507113    
   845.0000       9.071380    
   855.0000       8.668497    
   865.0000       8.295766    
   875.0000       7.950724    
   885.0000       7.631110    
   895.0000       7.334852    
   905.0000       7.060057    
   915.0000       6.804985    
   925.0000       6.568036    
   935.0000       6.347743    
   945.0000       6.142756    
   955.0000       5.951842    
   965.0000       5.773858    
   975.0000       5.607756    
   985.0000       5.452576    
   995.0000       5.307425    
   1005.000       5.171493    
   1015.000       5.044019    
   1025.000       4.924316    
   1035.000       4.811743    
   1045.000       4.705711    
   1055.000       4.605678    
   1065.000       4.511142    
   1075.000       4.421642    
   1085.000       4.336751    
   1095.000       4.256076    
   1105.000       4.179258    
   1115.000       4.105958    
   1125.000       4.035869    
   1135.000       3.968705    
   1145.000       3.904207    
   1155.000       3.842128    
   1165.000       3.782247    
   1175.000       3.724357    
   1185.000       3.668268    
   1195.000       3.613804    
   1205.000       3.560804    
   1215.000       3.509117    
   1225.000       3.458608    
   1235.000       3.409149    
   1245.000       3.360624    
   1255.000       3.313324    
   1265.000       3.268067    
   1275.000       3.225117    
   1285.000       3.184347    
   1295.000       3.145635    
   1305.000       3.108870    
   1315.000       3.073945    
   1325.000       3.040760    
   1335.000       3.009222    
   1345.000       2.979242    
   1355.000       2.950738    
   1365.000       2.923633    
   1375.000       2.897852    
   1385.000       2.873328    
   1395.000       2.849995    
   1405.000       2.827795    
   1415.000       2.806669    
   1425.000       2.786566    
   1435.000       2.767436    
   1442.000       2.754598    
   1447.000       2.745698    
   1455.000       2.731911    
   1465.000       2.715433    
   1475.000       2.699760    
   1485.000       2.684857    
   1495.000       2.670694    
   1505.000       2.657238    
   1512.000       2.648226    
   1517.000       2.641989    
   1525.000       2.632347    
   1535.000       2.620863    
   1545.000       2.609992    
   1555.000       2.599714    
   1565.000       2.590015    
   1575.000       2.580880    
   1585.000       2.572295    
   1595.000       2.564252    
   1605.000       2.556741    
   1615.000       2.549756    
   1625.000       2.543292    
   1635.000       2.537347    
   1645.000       2.531921    
   1655.000       2.527015    
   1665.000       2.522633    
   1672.000       2.519880    
   1677.000       2.518074    
   1685.000       2.515465    
   1695.000       2.512697    
   1705.000       2.510461    
   1715.000       2.508751    
   1725.000       2.507592    
   1735.000       2.507012    
   1745.000       2.507041    
   1755.000       2.507711    
   1765.000       2.509056    
   1775.000       2.511113    
   1785.000       2.513920    
   1795.000       2.517519    
   1805.000       2.521954    
   1815.000       2.527271    
   1825.000       2.533518    
   1835.000       2.540747    
   1845.000       2.549010    
   1855.000       2.558361    
   1865.000       2.568854    
   1875.000       2.580546    
   1885.000       2.593490    
   1895.000       2.607740    
   1905.000       2.623343    
   1915.000       2.640345    
   1925.000       2.658781    
   1935.000       2.678678    
   1945.000       2.700048    
   1955.000       2.722888    
   1967.000       2.752199    
   1976.000       2.775491    
   1984.000       2.797086    
   1995.000       2.828030    
   2005.000       2.857260    
   2015.000       2.887334    
   2025.000       2.918005    
   2035.000       2.948977    
   2045.000       2.979908    
   2055.000       3.010410    
   2065.000       3.040051    
   2074.000       3.065611    
   2078.000       3.076537    
   2085.000       3.094890    
   2095.000       3.119125    
   2105.000       3.140603    
   2115.000       3.158886    
   2125.000       3.173585    
   2135.000       3.184377    
   2145.000       3.191024    
   2155.000       3.193377    
   2165.000       3.191387    
   2175.000       3.185101    
   2185.000       3.174658    
   2195.000       3.160279    
   2205.000       3.142254    
   2215.000       3.120928    
   2225.000       3.096680    
   2235.000       3.069914    
   2245.000       3.041035    
   2255.000       3.010445    
   2265.000       2.978527    
   2275.000       2.945639    
   2285.000       2.912107    
   2295.000       2.878225    
   2305.000       2.844249    
   2315.000       2.810402    
   2325.000       2.776871    
   2335.000       2.743810    
   2345.000       2.711347    
   2355.000       2.679582    
   2365.000       2.648592    
   2375.000       2.618433    
   2385.000       2.589144    
   2395.000       2.560750    
   2405.000       2.533263    
   2415.000       2.506685    
   2425.000       2.481010    
   2435.000       2.456227    
   2445.000       2.432316    
   2455.000       2.409256    
   2465.000       2.387023    
   2475.000       2.365590    
   2485.000       2.344927    
   2495.000       2.325008    
   2505.000       2.305801    
   2513.000       2.290930    
   2518.000       2.281851    
   2525.000       2.269411    
   2535.000       2.252169    
   2545.000       2.235526    
   2555.000       2.219454    
   2565.000       2.203927    
   2575.000       2.188920    
   2585.000       2.174407    
   2595.000       2.160368    
   2605.000       2.146780    
   2615.000       2.133620    
   2625.000       2.120870    
   2635.000       2.108510    
   2645.000       2.096522    
   2655.000       2.084888    
   2665.000       2.073593    
   2675.000       2.062621    
   2685.000       2.051957    
   2695.000       2.041587    
   2705.000       2.031498    
   2715.000       2.021677    
   2725.000       2.012113    
   2735.000       2.002795    
   2745.000       1.993712    
   2755.000       1.984853    
   2765.000       1.976210    
   2775.000       1.967772    
   2785.000       1.959533    
   2795.000       1.951483    
   2805.000       1.943616    
   2815.000       1.935922    
   2825.000       1.928397    
   2835.000       1.921033    
   2845.000       1.913823    
   2855.000       1.906763    
   2865.000       1.899845    
   2875.000       1.893066    
   2885.000       1.886420    
   2895.000       1.879902    
   2910.000       1.870355    
   2930.000       1.858032    
   2950.000       1.846146    
   2970.000       1.834668    
   2990.000       1.823570    
   3010.000       1.812830    
   3030.000       1.802424    
   3050.000       1.792082    
   3070.000       1.780978    
   3090.000       1.769279    
   3110.000       1.757271    
   3130.000       1.745188    
   3150.000       1.733210    
   3170.000       1.721476    
   3190.000       1.710090    
   3210.000       1.699127    
   3230.000       1.688637    
   3250.000       1.678650    
   3270.000       1.669181    
   3290.000       1.660228    
   3310.000       1.651784    
   3330.000       1.643829    
   3350.000       1.636339    
   3370.000       1.629283    
   3390.000       1.622630    
   3410.000       1.616345    
   3430.000       1.610390    
   3450.000       1.604730    
   3470.000       1.599327    
   3490.000       1.594147    
   3510.000       1.589155    
   3530.000       1.584316    
   3550.000       1.579601    
   3570.000       1.574978    
   3590.000       1.570421    
   3610.000       1.565904    
   3630.000       1.561402    
   3640.000       1.559151    
   3650.000       1.556896    
   3670.000       1.552365    
   3690.000       1.547791    
   3710.000       1.543161    
   3730.000       1.538460    
   3750.000       1.533676    
   3770.000       1.528800    
   3790.000       1.523823    
   3810.000       1.518739    
   3830.000       1.513542    
   3850.000       1.508228    
   3870.000       1.502795    
   3890.000       1.497242    
   3910.000       1.491567    
   3930.000       1.485770    
   3950.000       1.479854    
   3970.000       1.473821    
   3990.000       1.467672    
   4010.000       1.461412    
   4030.000       1.455044    
   4050.000       1.448573    
   4070.000       1.442003    
   4090.000       1.435340    
   4110.000       1.428589    
   4130.000       1.421756    
   4150.000       1.414847    
   4170.000       1.407867    
   4190.000       1.400823    
   4210.000       1.393721    
   4230.000       1.386567    
   4250.000       1.379367    
   4270.000       1.372128    
   4290.000       1.364855    
   4310.000       1.357555    
   4330.000       1.350233    
   4350.000       1.342896    
   4370.000       1.335549    
   4390.000       1.328197    
   4410.000       1.320846    
   4430.000       1.313501    
   4450.000       1.306167    
   4470.000       1.298850    
   4490.000       1.291552    
   4510.000       1.284279    
   4530.000       1.277036    
   4550.000       1.269825    
   4570.000       1.262652    
   4590.000       1.255519    
   4610.000       1.248429    
   4630.000       1.241387    
   4650.000       1.234395    
   4670.000       1.227455    
   4690.000       1.220572    
   4710.000       1.213745    
   4730.000       1.206979    
   4750.000       1.200275    
   4770.000       1.193634    
   4790.000       1.187059    
   4810.000       1.180551    
   4830.000       1.174111    
   4850.000       1.167740    
   4870.000       1.161440    
   4890.000       1.155211    
   4910.000       1.149053    
   4930.000       1.142969    
   4950.000       1.136957    
   4970.000       1.131018    
   4990.000       1.125152    
   5010.000       1.119360    
   5030.000       1.113641    
   5050.000       1.107995    
   5070.000       1.102422    
   5090.000       1.096922    
   5110.000       1.091493    
   5130.000       1.086136    
   5150.000       1.080850    
   5170.000       1.075634    
   5190.000       1.070488    
   5210.000       1.065410    
   5230.000       1.060400    
   5250.000       1.055457    
   5270.000       1.050580    
   5290.000       1.045767    
   5310.000       1.041018    
   5330.000       1.036332    
   5350.000       1.031706    
   5370.000       1.027142    
   5390.000       1.022636    
   5410.000       1.018187    
   5430.000       1.013796    
   5450.000       1.009459    
   5470.000       1.005176    
   5490.000       1.000946    
   5510.000      0.9967667    
   5530.000      0.9926375    
   5550.000      0.9885567    
   5570.000      0.9845231    
   5590.000      0.9805353    
   5610.000      0.9765920    
   5630.000      0.9726918    
   5650.000      0.9688333    
   5670.000      0.9650152    
   5690.000      0.9612363    
   5710.000      0.9574951    
   5730.000      0.9537903    
   5750.000      0.9501206    
   5770.000      0.9464849    
   5790.000      0.9428818    
   5810.000      0.9393100    
   5830.000      0.9357684    
   5850.000      0.9322556    
   5870.000      0.9287707    
   5890.000      0.9253121    
   5910.000      0.9218789    
   5930.000      0.9184701    
   5950.000      0.9150842    
   5970.000      0.9117206    
   5990.000      0.9083778    
   6010.000      0.9050549    
   6030.000      0.9017510    
   6050.000      0.8984650    
   6070.000      0.8951959    
   6090.000      0.8919428    
   6110.000      0.8887048    
   6130.000      0.8854810    
   6150.000      0.8822705    
   6170.000      0.8790726    
   6190.000      0.8758862    
   6210.000      0.8727107    
   6230.000      0.8695455    
   6250.000      0.8663893    
   6270.000      0.8632421    
   6290.000      0.8601028    
   6310.000      0.8569707    
   6330.000      0.8538454    
   6350.000      0.8507262    
   6370.000      0.8476124    
   6390.000      0.8445036    
   6410.000      0.8413992    
   6430.000      0.8382987    
   6450.000      0.8352016    
   6470.000      0.8321075    
   6490.000      0.8290159    
   6510.000      0.8259263    
   6530.000      0.8228386    
   6550.000      0.8197522    
   6570.000      0.8166668    
   6590.000      0.8135821    
   6610.000      0.8104978    
   6630.000      0.8074136    
   6650.000      0.8043293    
   6670.000      0.8012447    
   6690.000      0.7981595    
   6710.000      0.7950734    
   6730.000      0.7919866    
   6750.000      0.7888984    
   6770.000      0.7858092    
   6790.000      0.7827187    
   6810.000      0.7796267    
   6830.000      0.7765331    
   6850.000      0.7734380    
   6870.000      0.7703413    
   6890.000      0.7672430    
   6910.000      0.7641431    
   6930.000      0.7610413    
   6950.000      0.7579381    
   6970.000      0.7548333    
   6990.000      0.7517270    
   7010.000      0.7486193    
   7030.000      0.7455103    
   7050.000      0.7423998    
   7070.000      0.7392881    
   7090.000      0.7361755    
   7110.000      0.7330620    
   7130.000      0.7299477    
   7150.000      0.7268328    
   7170.000      0.7237175    
   7190.000      0.7206019    
   7210.000      0.7174863    
   7230.000      0.7143709    
   7250.000      0.7112558    
   7270.000      0.7081413    
   7290.000      0.7050277    
   7310.000      0.7019151    
   7330.000      0.6988038    
   7350.000      0.6956943    
   7370.000      0.6925864    
   7390.000      0.6894806    
   7410.000      0.6863774    
   7430.000      0.6832768    
   7450.000      0.6801793    
   7470.000      0.6770850    
   7490.000      0.6739945    
   7510.000      0.6709077    
   7530.000      0.6678254    
   7550.000      0.6647476    
   7570.000      0.6616747    
   7590.000      0.6586073    
   7610.000      0.6555454    
   7630.000      0.6524894    
   7650.000      0.6494397    
   7670.000      0.6463969    
   7690.000      0.6433610    
   7710.000      0.6403325    
   7730.000      0.6373118    
   7750.000      0.6342994    
   7770.000      0.6312956    
   7790.000      0.6283004    
   7810.000      0.6253148    
   7830.000      0.6223387    
   7850.000      0.6193727    
   7870.000      0.6164174    
   7890.000      0.6134727    
   7910.000      0.6105394    
   7930.000      0.6076176    
   7950.000      0.6047079    
   7970.000      0.6018106    
   7990.000      0.5989262    
   8010.000      0.5960551    
   8030.000      0.5931976    
   8050.000      0.5903539    
   8070.000      0.5875248    
   8090.000      0.5847105    
   8110.000      0.5819113    
   8130.000      0.5791278    
   8150.000      0.5763605    
   8170.000      0.5736094    
   8190.000      0.5708752    
   8210.000      0.5681580    
   8230.000      0.5654586    
   8250.000      0.5627773    
   8270.000      0.5601143    
   8290.000      0.5574699    
   8310.000      0.5548450    
   8330.000      0.5522394    
   8350.000      0.5496538    
   8370.000      0.5470886    
   8390.000      0.5445442    
   8410.000      0.5420208    
   8430.000      0.5395189    
   8450.000      0.5370390    
   8470.000      0.5345813    
   8490.000      0.5321461    
   8510.000      0.5297340    
   8530.000      0.5273452    
   8550.000      0.5249802    
   8570.000      0.5226394    
   8590.000      0.5203230    
   8610.000      0.5180315    
   8630.000      0.5157651    
   8650.000      0.5135243    
   8670.000      0.5113096    
   8690.000      0.5091209    
   8710.000      0.5069588    
   8730.000      0.5048238    
   8750.000      0.5027161    
   8770.000      0.5006359    
   8790.000      0.4985838    
   8810.000      0.4965599    
   8830.000      0.4945647    
   8850.000      0.4925985    
   8870.000      0.4906616    
   8890.000      0.4887543    
   8910.000      0.4868769    
   8930.000      0.4850298    
   8950.000      0.4832133    
   8970.000      0.4814275    
   8990.000      0.4796729    
   9010.000      0.4779499    
   9030.000      0.4762587    
   9050.000      0.4745995    
   9070.000      0.4729727    
   9090.000      0.4713784    
   9110.000      0.4694148    
   9130.000      0.4677604    
   9150.000      0.4661154    
   9170.000      0.4644797    
   9190.000      0.4628533    
   9210.000      0.4612362    
   9230.000      0.4596282    
   9250.000      0.4580292    
   9270.000      0.4564393    
   9290.000      0.4548583    
   9310.000      0.4532861    
   9330.000      0.4517227    
   9350.000      0.4501680    
   9370.000      0.4486220    
   9390.000      0.4470846    
   9410.000      0.4455557    
   9430.000      0.4440353    
   9450.000      0.4425233    
   9470.000      0.4410196    
   9490.000      0.4395241    
   9510.000      0.4380369    
   9530.000      0.4365578    
   9550.000      0.4350868    
   9570.000      0.4336239    
   9590.000      0.4321688    
   9610.000      0.4307217    
   9630.000      0.4292823    
   9650.000      0.4278508    
   9670.000      0.4264270    
   9690.000      0.4250109    
   9710.000      0.4236024    
   9730.000      0.4222014    
   9750.000      0.4208080    
   9770.000      0.4194219    
   9790.000      0.4180432    
   9810.000      0.4166719    
   9830.000      0.4153079    
   9850.000      0.4139511    
   9870.000      0.4126014    
   9890.000      0.4112589    
   9910.000      0.4099234    
   9930.000      0.4085950    
   9950.000      0.4072736    
   9970.000      0.4059589    
   9990.000      0.4046513    
   10025.00      0.4023791    
   10075.00      0.3991690    
   10125.00      0.3960001    
   10175.00      0.3928719    
   10225.00      0.3897834    
   10275.00      0.3867342    
   10325.00      0.3837235    
   10375.00      0.3807505    
   10425.00      0.3778147    
   10475.00      0.3749155    
   10525.00      0.3720521    
   10575.00      0.3692240    
   10625.00      0.3664306    
   10675.00      0.3636713    
   10725.00      0.3609456    
   10775.00      0.3582528    
   10825.00      0.3555924    
   10875.00      0.3529639    
   10925.00      0.3503667    
   10975.00      0.3478004    
   11025.00      0.3452644    
   11075.00      0.3427583    
   11125.00      0.3402815    
   11175.00      0.3378336    
   11225.00      0.3354141    
   11275.00      0.3330226    
   11325.00      0.3306586    
   11375.00      0.3283217    
   11425.00      0.3260115    
   11475.00      0.3237275    
   11525.00      0.3214693    
   11575.00      0.3192365    
   11625.00      0.3170288    
   11675.00      0.3148457    
   11725.00      0.3126869    
   11775.00      0.3105520    
   11825.00      0.3084406    
   11875.00      0.3063523    
   11925.00      0.3042870    
   11975.00      0.3022440    
   12025.00      0.3002233    
   12075.00      0.2982244    
   12125.00      0.2962469    
   12175.00      0.2942905    
   12225.00      0.2923551    
   12275.00      0.2904402    
   12325.00      0.2885456    
   12375.00      0.2866709    
   12425.00      0.2848158    
   12475.00      0.2829802    
   12525.00      0.2811637    
   12575.00      0.2793659    
   12625.00      0.2775868    
   12675.00      0.2758259    
   12725.00      0.2740832    
   12775.00      0.2723581    
   12825.00      0.2706506    
   12875.00      0.2689604    
   12925.00      0.2672872    
   12975.00      0.2656308    
   13025.00      0.2639911    
   13075.00      0.2623676    
   13125.00      0.2607603    
   13175.00      0.2591689    
   13225.00      0.2575931    
   13275.00      0.2560329    
   13325.00      0.2544879    
   13375.00      0.2529580    
   13425.00      0.2514428    
   13475.00      0.2499424    
   13525.00      0.2484565    
   13575.00      0.2469848    
   13625.00      0.2455272    
   13675.00      0.2440835    
   13725.00      0.2426535    
   13775.00      0.2412370    
   13825.00      0.2398339    
   13875.00      0.2384439    
   13925.00      0.2370670    
   13975.00      0.2357029    
   14025.00      0.2343515    
   14075.00      0.2330126    
   14125.00      0.2316861    
   14175.00      0.2303718    
   14225.00      0.2290694    
   14275.00      0.2277791    
   14325.00      0.2265004    
   14375.00      0.2252334    
   14425.00      0.2239777    
   14475.00      0.2227335    
   14525.00      0.2215003    
   14570.00      0.2203999    
   14620.00      0.2191876    
   14675.00      0.2178666    
   14725.00      0.2166768    
   14775.00      0.2154974    
   14825.00      0.2143285    
   14875.00      0.2131698    
   14925.00      0.2120212    
   14975.00      0.2108826    
   15025.00      0.2097539    
   15075.00      0.2086349    
   15125.00      0.2075256    
   15175.00      0.2064259    
   15225.00      0.2053355    
   15275.00      0.2042544    
   15325.00      0.2031826    
   15375.00      0.2021199    
   15425.00      0.2010661    
   15475.00      0.2000212    
   15525.00      0.1989851    
   15575.00      0.1979576    
   15625.00      0.1969387    
   15675.00      0.1959283    
   15725.00      0.1949263    
   15775.00      0.1939325    
   15825.00      0.1929470    
   15875.00      0.1919695    
   15925.00      0.1910000    
   15975.00      0.1900385    
   16050.00      0.1886108    
   16150.00      0.1867341    
   16250.00      0.1848875    
   16350.00      0.1830702    
   16450.00      0.1812818    
   16550.00      0.1795216    
   16650.00      0.1777888    
   16750.00      0.1760830    
   16850.00      0.1744036    
   16950.00      0.1727500    
   17050.00      0.1711217    
   17150.00      0.1695181    
   17250.00      0.1679387    
   17350.00      0.1663831    
   17450.00      0.1648507    
   17550.00      0.1633410    
   17650.00      0.1618536    
   17750.00      0.1603881    
   17850.00      0.1589439    
   17950.00      0.1575207    
   18050.00      0.1561180    
   18150.00      0.1547355    
   18250.00      0.1533727    
   18350.00      0.1520293    
   18450.00      0.1507048    
   18550.00      0.1493990    
   18650.00      0.1481114    
   18750.00      0.1468417    
   18850.00      0.1455895    
   18950.00      0.1443546    
   19050.00      0.1431365    
   19150.00      0.1419350    
   19250.00      0.1407498    
   19350.00      0.1395806    
   19450.00      0.1384270    
   19550.00      0.1372888    
   19650.00      0.1361657    
   19750.00      0.1350574    
   19850.00      0.1339636    
   19950.00      0.1328842    
   20050.00      0.1318187    
   20150.00      0.1307671    
   20250.00      0.1297290    
   20350.00      0.1287042    
   20450.00      0.1276924    
   20550.00      0.1266935    
   20650.00      0.1257072    
   20750.00      0.1247333    
   20850.00      0.1237715    
   20950.00      0.1228217    
   21050.00      0.1218837    
   21150.00      0.1209572    
   21250.00      0.1200421    
   21350.00      0.1191381    
   21450.00      0.1182452    
   21550.00      0.1173630    
   21650.00      0.1164915    
   21750.00      0.1156304    
   21850.00      0.1147796    
   21950.00      0.1139388    
   22050.00      0.1131080    
   22150.00      0.1122871    
   22250.00      0.1114756    
   22350.00      0.1106737    
   22450.00      0.1098811    
   22550.00      0.1090977    
   22650.00      0.1083232    
   22750.00      0.1075576    
   22850.00      0.1068008    
   22950.00      0.1060526    
   23050.00      0.1053128    
   23150.00      0.1045814    
   23250.00      0.1038581    
   23350.00      0.1031429    
   23450.00      0.1024357    
   23550.00      0.1017363    
   23650.00      0.1010446    
   23750.00      0.1003605    
   23850.00      9.9683896E-02
   23950.00      9.9014655E-02
   24050.00      9.8352656E-02
   24150.00      9.7697802E-02
   24250.00      9.7049974E-02
   24350.00      9.6409097E-02
   24450.00      9.5775053E-02
   24550.00      9.5147736E-02
   24650.00      9.4527051E-02
   24750.00      9.3912899E-02
   24850.00      9.3305193E-02
   24950.00      9.2703864E-02
   25050.00      9.2108756E-02
   25150.00      9.1519825E-02
   25250.00      9.0936981E-02
   25350.00      9.0360127E-02
   25450.00      8.9789182E-02
   25550.00      8.9224063E-02
   25650.00      8.8664688E-02
   25750.00      8.8110968E-02
   25850.00      8.7562852E-02
   25950.00      8.7020218E-02
   26050.00      8.6483032E-02
   26150.00      8.5951194E-02
   26250.00      8.5424632E-02
   26350.00      8.4903300E-02
   26450.00      8.4387086E-02
   26550.00      8.3875947E-02
   26650.00      8.3369814E-02
   26750.00      8.2868606E-02
   26850.00      8.2372271E-02
   26950.00      8.1880741E-02
   27050.00      8.1393935E-02
   27150.00      8.0911808E-02
   27250.00      8.0434300E-02
   27350.00      7.9961337E-02
   27450.00      7.9492874E-02
   27550.00      7.9028837E-02
   27650.00      7.8569181E-02
   27750.00      7.8113832E-02
   27850.00      7.7662759E-02
   27950.00      7.7215888E-02
   28050.00      7.6773167E-02
   28150.00      7.6334544E-02
   28250.00      7.5899974E-02
   28350.00      7.5469412E-02
   28450.00      7.5042769E-02
   28550.00      7.4620046E-02
   28650.00      7.4201152E-02
   28750.00      7.3786080E-02
   28850.00      7.3374741E-02
   28950.00      7.2967105E-02
   29050.00      7.2563142E-02
   29150.00      7.2162785E-02
   29250.00      7.1765989E-02
   29350.00      7.1372725E-02
   29450.00      7.0982940E-02
   29550.00      7.0596606E-02
   29650.00      7.0213661E-02
   29750.00      6.9834068E-02
   29850.00      6.9457792E-02
   29950.00      6.9084793E-02
   30050.00      6.8715028E-02
   30150.00      6.8348460E-02
   30250.00      6.7985058E-02
   30350.00      6.7624778E-02
   30450.00      6.7267582E-02
   30550.00      6.6913426E-02
   30650.00      6.6562288E-02
   30750.00      6.6214129E-02
   30850.00      6.5868914E-02
   30950.00      6.5526620E-02
   31050.00      6.5187186E-02
   31150.00      6.4850576E-02
   31250.00      6.4516798E-02
   31350.00      6.4185791E-02
   31450.00      6.3857533E-02
   31550.00      6.3531972E-02
   31650.00      6.3209102E-02
   31750.00      6.2888891E-02
   31850.00      6.2571302E-02
   31950.00      6.2256288E-02
   32100.00      6.1788581E-02
   32300.00      6.1173774E-02
   32500.00      6.0568828E-02
   32700.00      5.9973504E-02
   32900.00      5.9387617E-02
   33100.00      5.8810968E-02
   33300.00      5.8243323E-02
   33500.00      5.7684507E-02
   33700.00      5.7134338E-02
   33900.00      5.6592628E-02
   34100.00      5.6059182E-02
   34300.00      5.5533852E-02
   34500.00      5.5016451E-02
   34700.00      5.4506827E-02
   34900.00      5.4004814E-02
   35100.00      5.3510237E-02
   35300.00      5.3022973E-02
   35500.00      5.2542862E-02
   35700.00      5.2069757E-02
   35900.00      5.1603515E-02
   36100.00      5.1144011E-02
   36300.00      5.0691094E-02
   36500.00      5.0244652E-02
   36700.00      4.9804546E-02
   36900.00      4.9370654E-02
   37100.00      4.8942856E-02
   37300.00      4.8521042E-02
   37500.00      4.8105091E-02
   37700.00      4.7694884E-02
   37900.00      4.7290318E-02
   38100.00      4.6891283E-02
   38300.00      4.6497680E-02
   38500.00      4.6109412E-02
   38700.00      4.5726366E-02
   38900.00      4.5348458E-02
   39100.00      4.4975579E-02
   39300.00      4.4607658E-02
   39500.00      4.4244576E-02
   39700.00      4.3886267E-02
   39900.00      4.3532636E-02
   40100.00      4.3183602E-02
   40300.00      4.2839088E-02
   40500.00      4.2499006E-02
   40700.00      4.2163279E-02
   40900.00      4.1831825E-02
   41100.00      4.1504581E-02
   41300.00      4.1181464E-02
   41500.00      4.0862408E-02
   41700.00      4.0547337E-02
   41900.00      4.0236186E-02
   42100.00      3.9928887E-02
   42300.00      3.9625369E-02
   42500.00      3.9325584E-02
   42700.00      3.9029449E-02
   42900.00      3.8736925E-02
   43100.00      3.8447928E-02
   43300.00      3.8162414E-02
   43500.00      3.7880320E-02
   43700.00      3.7601594E-02
   43900.00      3.7326176E-02
   44100.00      3.7054010E-02
   44300.00      3.6785048E-02
   44500.00      3.6519241E-02
   44700.00      3.6256533E-02
   44900.00      3.5996873E-02
   45100.00      3.5740212E-02
   45300.00      3.5486508E-02
   45500.00      3.5235707E-02
   45700.00      3.4987770E-02
   45900.00      3.4742650E-02
   46100.00      3.4500305E-02
   46300.00      3.4260675E-02
   46500.00      3.4023743E-02
   46700.00      3.3789452E-02
   46900.00      3.3557769E-02
   47100.00      3.3328649E-02
   47300.00      3.3102050E-02
   47500.00      3.2877944E-02
   47700.00      3.2656282E-02
   47900.00      3.2437038E-02
   48100.00      3.2220166E-02
   48300.00      3.2005638E-02
   48500.00      3.1793416E-02
   48700.00      3.1583462E-02
   48900.00      3.1375747E-02
   49100.00      3.1170238E-02
   49300.00      3.0966908E-02
   49500.00      3.0765712E-02
   49700.00      3.0566627E-02
   49900.00      3.0369630E-02
   50100.00      3.0174676E-02
   50300.00      2.9981742E-02
   50500.00      2.9790804E-02
   50700.00      2.9601827E-02
   50900.00      2.9414790E-02
   51100.00      2.9229656E-02
   51300.00      2.9046407E-02
   51500.00      2.8865010E-02
   51700.00      2.8685447E-02
   51900.00      2.8507683E-02
   52100.00      2.8331699E-02
   52300.00      2.8157467E-02
   52500.00      2.7984969E-02
   52700.00      2.7814178E-02
   52900.00      2.7645068E-02
   53100.00      2.7477622E-02
   53300.00      2.7311813E-02
   53500.00      2.7147619E-02
   53700.00      2.6985019E-02
   53900.00      2.6823994E-02
   54100.00      2.6664520E-02
   54300.00      2.6506575E-02
   54500.00      2.6350142E-02
   54700.00      2.6195204E-02
   54900.00      2.6041733E-02
   55100.00      2.5889717E-02
   55300.00      2.5739133E-02
   55500.00      2.5589960E-02
   55700.00      2.5442187E-02
   55900.00      2.5295798E-02
   56100.00      2.5150763E-02
   56300.00      2.5007071E-02
   56500.00      2.4864707E-02
   56700.00      2.4723651E-02
   56900.00      2.4583887E-02
   57100.00      2.4445405E-02
   57300.00      2.4308177E-02
   57500.00      2.4172198E-02
   57700.00      2.4037443E-02
   57900.00      2.3903903E-02
   58100.00      2.3771564E-02
   58300.00      2.3640409E-02
   58500.00      2.3510417E-02
   58700.00      2.3381585E-02
   58900.00      2.3253895E-02
   59100.00      2.3127329E-02
   59300.00      2.3001878E-02
   59500.00      2.2877526E-02
   59700.00      2.2754259E-02
   59900.00      2.2632064E-02
   60100.00      2.2510927E-02
   60300.00      2.2390844E-02
   60500.00      2.2271793E-02
   60700.00      2.2153765E-02
   60900.00      2.2036748E-02
   61100.00      2.1920729E-02
   61300.00      2.1805696E-02
   61500.00      2.1691639E-02
   61700.00      2.1578548E-02
   61900.00      2.1466410E-02
   62100.00      2.1355212E-02
   62300.00      2.1244943E-02
   62500.00      2.1135595E-02
   62700.00      2.1027157E-02
   62900.00      2.0919623E-02
   63100.00      2.0812970E-02
   63300.00      2.0707199E-02
   63500.00      2.0602297E-02
   63700.00      2.0498255E-02
   63900.00      2.0395055E-02
   64200.00      2.0241838E-02
   64600.00      2.0040428E-02
   65000.00      1.9842248E-02
   65400.00      1.9647224E-02
   65800.00      1.9455286E-02
   66200.00      1.9266374E-02
   66600.00      1.9080415E-02
   67000.00      1.8897349E-02
   67400.00      1.8717116E-02
   67800.00      1.8539652E-02
   68200.00      1.8364895E-02
   68600.00      1.8192798E-02
   69000.00      1.8023299E-02
   69400.00      1.7856345E-02
   69800.00      1.7691886E-02
   70200.00      1.7529866E-02
   70600.00      1.7370239E-02
   71000.00      1.7212953E-02
   71400.00      1.7057966E-02
   71800.00      1.6905226E-02
   72200.00      1.6754694E-02
   72600.00      1.6606318E-02
   73000.00      1.6460065E-02
   73400.00      1.6315887E-02
   73800.00      1.6173745E-02
   74200.00      1.6033599E-02
   74600.00      1.5895413E-02
   75000.00      1.5759148E-02
   75400.00      1.5624765E-02
   75800.00      1.5492230E-02
   76200.00      1.5361506E-02
   76600.00      1.5232564E-02
   77000.00      1.5105367E-02
   77400.00      1.4979883E-02
   77800.00      1.4856079E-02
   78200.00      1.4733925E-02
   78600.00      1.4613394E-02
   79000.00      1.4494451E-02
   79400.00      1.4377068E-02
   79800.00      1.4261220E-02
   80200.00      1.4146877E-02
   80600.00      1.4034014E-02
   81000.00      1.3922604E-02
   81400.00      1.3812621E-02
   81800.00      1.3704036E-02
   82200.00      1.3596832E-02
   82600.00      1.3490980E-02
   83000.00      1.3386455E-02
   83400.00      1.3283241E-02
   83800.00      1.3181308E-02
   84200.00      1.3080637E-02
   84600.00      1.2981204E-02
   85000.00      1.2882996E-02
   85400.00      1.2785984E-02
   85800.00      1.2690152E-02
   86200.00      1.2595478E-02
   86600.00      1.2501944E-02
   87000.00      1.2409531E-02
   87400.00      1.2318220E-02
   87800.00      1.2227993E-02
   88200.00      1.2138832E-02
   88600.00      1.2050722E-02
   89000.00      1.1963641E-02
   89400.00      1.1877579E-02
   89800.00      1.1792515E-02
   90200.00      1.1708435E-02
   90600.00      1.1625321E-02
   91000.00      1.1543158E-02
   91400.00      1.1461936E-02
   91800.00      1.1381635E-02
   92200.00      1.1302242E-02
   92600.00      1.1223741E-02
   93000.00      1.1146123E-02
   93400.00      1.1069370E-02
   93800.00      1.0993470E-02
   94200.00      1.0918410E-02
   94600.00      1.0844177E-02
   95000.00      1.0770760E-02
   95400.00      1.0698144E-02
   95800.00      1.0626319E-02
   96200.00      1.0555273E-02
   96600.00      1.0484993E-02
   97000.00      1.0415469E-02
   97400.00      1.0346689E-02
   97800.00      1.0278643E-02
   98200.00      1.0211320E-02
   98600.00      1.0144708E-02
   99000.00      1.0078796E-02
   99400.00      1.0013577E-02
   99800.00      9.9490415E-03
   100200.0      9.8851742E-03
   200000.0      3.2488003E-03
   400000.0      1.0643016E-03
   600000.0      5.5406138E-04
   800000.0      3.4866345E-04
   1000000.      2.4343404E-04
   1200000.      1.8150959E-04
   1400000.      1.4161694E-04
   1600000.      1.1422157E-04
