# ABS is the dust attenuation cross-section, with R_V=A(V)/E(B-V)=3.1
# This is the attenuation law described in the paper
# To Apply multiply the galaxy spectrum by exp(-Dust_column*ABS)
# The Dust Column is an integrated depth that gives a certain A(V) :
# where A(V)=-2.5*log10(exp(-dust_col*abs[V_band]))
# as an example, the dust_col for 5 A(V)s has been included
#  
# A(V)        0.0      0.5      1.0      2.0      4.0     10.0
# dust_col   0.00000  2.02923  4.05845  8.11690 16.23380 40.58450
# 
# Notes added by Sébastien Viaene, Dec 27, 2015:
# In practice, compute the Av attenuation using equation 4 of Kreckel et al. 2013
# This assumes a screen geometry, which is not completely unrealistic for star forming regions.
# Av,screen = 0.67* Dust_column / 1e5 Msun/kpc2 with Dust_column in Msun/kpc2
#
# Then, to compute the attenuation at any other wavelength:
# A_lambda = Abs_lambda / Abs_V * Av
 
# wavel. (um)   Abs()
 7.76812E+05  7.19172E-12
 7.10418E+05  7.86012E-12
 6.49699E+05  9.39796E-12
 5.94168E+05  1.12367E-11
 5.43385E+05  1.34351E-11
 4.96943E+05  1.60637E-11
 4.54469E+05  1.92065E-11
 4.15626E+05  2.29643E-11
 3.80102E+05  2.74573E-11
 3.47615E+05  3.28293E-11
 3.17904E+05  3.92523E-11
 2.90733E+05  4.69320E-11
 2.65884E+05  5.61143E-11
 2.43159E+05  6.70931E-11
 2.22376E+05  8.02198E-11
 2.03370E+05  9.59148E-11
 1.85988E+05  1.14681E-10
 1.70091E+05  1.37118E-10
 1.55554E+05  1.63945E-10
 1.42258E+05  1.96021E-10
 1.30100E+05  2.34372E-10
 1.18980E+05  2.80227E-10
 1.08811E+05  3.35053E-10
 9.95106E+04  4.00606E-10
 9.10056E+04  4.78985E-10
 8.32274E+04  5.72698E-10
 7.61139E+04  6.84746E-10
 6.96085E+04  8.18717E-10
 6.36590E+04  9.78899E-10
 5.82181E+04  1.17042E-09
 5.32423E+04  1.39941E-09
 4.86916E+04  1.67321E-09
 4.45299E+04  2.00057E-09
 4.07239E+04  2.39198E-09
 3.72433E+04  2.85997E-09
 3.40601E+04  3.41953E-09
 3.11490E+04  4.08855E-09
 2.84867E+04  4.88848E-09
 2.60519E+04  5.84491E-09
 2.38253E+04  6.98847E-09
 2.17889E+04  8.35576E-09
 1.99266E+04  9.99056E-09
 1.82235E+04  1.19452E-08
 1.66659E+04  1.42823E-08
 1.52415E+04  1.70766E-08
 1.39388E+04  2.04177E-08
 1.27475E+04  2.44124E-08
 1.16579E+04  2.91886E-08
 1.06615E+04  3.48994E-08
 9.75029E+03  4.17275E-08
 8.91694E+03  4.98915E-08
 8.15479E+03  5.96527E-08
 7.45781E+03  7.13237E-08
 6.82040E+03  8.52782E-08
 6.23746E+03  1.01963E-07
 5.70435E+03  1.21912E-07
 5.21680E+03  1.45764E-07
 4.77092E+03  1.74283E-07
 4.36315E+03  2.08381E-07
 3.99023E+03  2.49151E-07
 3.64919E+03  2.97897E-07
 3.33729E+03  3.56181E-07
 3.05205E+03  4.25867E-07
 2.79119E+03  5.09188E-07
 2.55263E+03  6.08811E-07
 2.33446E+03  7.27924E-07
 2.13493E+03  8.70343E-07
 1.95246E+03  1.04062E-06
 1.78558E+03  1.24422E-06
 1.63297E+03  1.48766E-06
 1.49340E+03  1.77872E-06
 1.36576E+03  2.12672E-06
 1.24903E+03  2.54281E-06
 1.14228E+03  3.04031E-06
 1.04465E+03  3.63515E-06
 9.90100E+02  4.34637E-06
 9.70686E+02  4.84272E-06
 9.44793E+02  5.02853E-06
 9.19768E+02  5.29304E-06
 9.01733E+02  5.57186E-06
 8.77681E+02  5.78631E-06
 8.54433E+02  6.09173E-06
 8.37680E+02  6.41364E-06
 8.15337E+02  6.66127E-06
 7.93740E+02  7.01396E-06
 7.78177E+02  7.38572E-06
 7.57419E+02  7.67252E-06
 7.37358E+02  8.08096E-06
 7.22900E+02  8.51115E-06
 7.03616E+02  8.84189E-06
 6.84981E+02  9.31322E-06
 6.71550E+02  9.81100E-06
 6.58382E+02  1.01941E-05
 6.45472E+02  1.05933E-05
 6.31206E+02  1.10087E-05
 6.17290E+02  1.14966E-05
 6.04552E+02  1.20062E-05
 5.92089E+02  1.25024E-05
 5.78074E+02  1.30191E-05
 5.64447E+02  1.36378E-05
 5.53015E+02  1.42863E-05
 5.41822E+02  1.48685E-05
 5.29965E+02  1.54755E-05
 5.18394E+02  1.61593E-05
 5.08080E+02  1.68735E-05
 4.97975E+02  1.75504E-05
 4.83784E+02  1.82553E-05
 4.70119E+02  1.93170E-05
 4.56721E+02  2.04406E-05
 4.41922E+02  2.16297E-05
 4.27343E+02  2.30806E-05
 4.15093E+02  2.46528E-05
 4.06953E+02  2.61151E-05
 3.98974E+02  2.71562E-05
 3.91151E+02  2.82390E-05
 3.82089E+02  2.93657E-05
 3.69943E+02  3.07553E-05
 3.59550E+02  3.27818E-05
 3.49304E+02  3.46982E-05
 3.39437E+02  3.67413E-05
 3.32781E+02  3.89070E-05
 3.24667E+02  4.04692E-05
 3.14180E+02  4.24960E-05
 3.05553E+02  4.53559E-05
 2.99561E+02  4.79555E-05
 2.92254E+02  4.98877E-05
 2.85158E+02  5.24093E-05
 2.79567E+02  5.50606E-05
 2.72747E+02  5.72955E-05
 2.66125E+02  6.02159E-05
 2.60907E+02  6.32846E-05
 2.54542E+02  6.58573E-05
 2.48362E+02  6.92040E-05
 2.41285E+02  7.27212E-05
 2.35552E+02  7.70588E-05
 2.30277E+02  8.09189E-05
 2.22608E+02  8.47193E-05
 2.17787E+02  9.07671E-05
 2.13055E+02  9.49083E-05
 2.09177E+02  9.92070E-05
 2.05343E+02  1.03022E-04
 2.00034E+02  1.06984E-04
 1.94334E+02  1.12922E-04
 1.88845E+02  1.19884E-04
 1.83430E+02  1.27286E-04
 1.77103E+02  1.35206E-04
 1.72192E+02  1.45535E-04
 1.68090E+02  1.54576E-04
 1.64101E+02  1.62792E-04
 1.61136E+02  1.71560E-04
 1.57663E+02  1.78571E-04
 1.52826E+02  1.87370E-04
 1.49340E+02  2.01099E-04
 1.46008E+02  2.12015E-04
 1.42414E+02  2.23419E-04
 1.39621E+02  2.36837E-04
 1.36884E+02  2.46664E-04
 1.33497E+02  2.55846E-04
 1.29586E+02  2.67837E-04
 1.27375E+02  2.81929E-04
 1.25492E+02  2.90426E-04
 1.23969E+02  2.98206E-04
 1.22441E+02  3.05260E-04
 1.20480E+02  3.12620E-04
 1.18812E+02  3.22583E-04
 1.16482E+02  3.31464E-04
 1.14102E+02  3.44993E-04
 1.11772E+02  3.59777E-04
 1.09580E+02  3.75370E-04
 1.07230E+02  3.91379E-04
 1.04513E+02  4.09776E-04
 1.01518E+02  4.32967E-04
 9.83678E+01  4.61174E-04
 9.54753E+01  4.93778E-04
 9.32654E+01  5.26750E-04
 9.08952E+01  5.54152E-04
 8.82953E+01  5.85730E-04
 8.62745E+01  6.23634E-04
 8.41967E+01  6.55569E-04
 8.14724E+01  6.90864E-04
 7.94801E+01  7.41373E-04
 7.80698E+01  7.82141E-04
 7.63215E+01  8.12542E-04
 7.47222E+01  8.52796E-04
 7.28389E+01  8.92188E-04
 7.08245E+01  9.41507E-04
 6.95995E+01  9.99055E-04
 6.83947E+01  1.03637E-03
 6.68869E+01  1.07478E-03
 6.50541E+01  1.12614E-03
 6.31413E+01  1.19290E-03
 6.15994E+01  1.26945E-03
 6.01057E+01  1.33534E-03
 5.87237E+01  1.40407E-03
 5.75243E+01  1.47175E-03
 5.64584E+01  1.53411E-03
 5.57130E+01  1.59283E-03
 5.48426E+01  1.63552E-03
 5.32877E+01  1.68684E-03
 5.17947E+01  1.78475E-03
 5.10358E+01  1.88585E-03
 5.02866E+01  1.94041E-03
 4.95366E+01  1.99605E-03
 4.87968E+01  2.05361E-03
 4.77733E+01  2.11187E-03
 4.68365E+01  2.19725E-03
 4.58572E+01  2.27862E-03
 4.51736E+01  2.36723E-03
 4.47602E+01  2.43267E-03
 4.40740E+01  2.47337E-03
 4.31574E+01  2.54117E-03
 4.22684E+01  2.63613E-03
 4.13327E+01  2.73361E-03
 4.04079E+01  2.83796E-03
 3.93199E+01  2.94706E-03
 3.82549E+01  3.07960E-03
 3.71091E+01  3.21583E-03
 3.60299E+01  3.36621E-03
 3.53703E+01  3.51378E-03
 3.47826E+01  3.60798E-03
 3.42057E+01  3.69219E-03
 3.36832E+01  3.77845E-03
 3.32030E+01  3.86014E-03
 3.26355E+01  3.93658E-03
 3.22106E+01  4.02964E-03
 3.17811E+01  4.10278E-03
 3.11554E+01  4.17894E-03
 3.04190E+01  4.29275E-03
 2.96520E+01  4.43388E-03
 2.90273E+01  4.59049E-03
 2.84635E+01  4.72280E-03
 2.79054E+01  4.84981E-03
 2.73582E+01  4.98246E-03
 2.66505E+01  5.11998E-03
 2.60349E+01  5.31129E-03
 2.56608E+01  5.49205E-03
 2.54561E+01  5.60875E-03
 2.51989E+01  5.67535E-03
 2.48513E+01  5.76128E-03
 2.45549E+01  5.88152E-03
 2.42473E+01  5.98882E-03
 2.39497E+01  6.10661E-03
 2.34396E+01  6.22920E-03
 2.28991E+01  6.46662E-03
 2.25969E+01  6.72518E-03
 2.22991E+01  6.86022E-03
 2.20598E+01  7.01108E-03
 2.18226E+01  7.14609E-03
 2.14163E+01  7.31586E-03
 2.08461E+01  7.65085E-03
 2.03199E+01  7.98356E-03
 1.99456E+01  8.25041E-03
 1.93677E+01  8.51326E-03
 1.89201E+01  8.90130E-03
 1.86817E+01  9.23567E-03
 1.84806E+01  9.34246E-03
 1.82814E+01  9.40872E-03
 1.81047E+01  9.46936E-03
 1.79294E+01  9.48584E-03
 1.76619E+01  9.40634E-03
 1.73994E+01  9.25540E-03
 1.70861E+01  9.05912E-03
 1.67511E+01  8.83981E-03
 1.64226E+01  8.62370E-03
 1.59633E+01  8.33891E-03
 1.55511E+01  7.81141E-03
 1.52112E+01  7.30359E-03
 1.49580E+01  6.96600E-03
 1.47995E+01  6.72253E-03
 1.45978E+01  6.63248E-03
 1.44049E+01  6.52200E-03
 1.41944E+01  6.41900E-03
 1.38406E+01  6.32001E-03
 1.34959E+01  6.62632E-03
 1.32913E+01  7.09130E-03
 1.30908E+01  7.44079E-03
 1.29520E+01  7.92606E-03
 1.28148E+01  8.29807E-03
 1.25884E+01  8.68525E-03
 1.24287E+01  9.34104E-03
 1.23377E+01  9.84124E-03
 1.21853E+01  1.01461E-02
 1.20066E+01  1.07077E-02
 1.18939E+01  1.14587E-02
 1.17823E+01  1.19728E-02
 1.16296E+01  1.24262E-02
 1.14836E+01  1.31107E-02
 1.13402E+01  1.39177E-02
 1.12374E+01  1.47592E-02
 1.11689E+01  1.53079E-02
 1.10353E+01  1.56228E-02
 1.08578E+01  1.62829E-02
 1.07786E+01  1.73222E-02
 1.06997E+01  1.78519E-02
 1.06105E+01  1.84182E-02
 1.05221E+01  1.90901E-02
 1.02711E+01  1.96333E-02
 1.00491E+01  2.11627E-02
 9.98090E+00  2.26685E-02
 9.76273E+00  2.31009E-02
 9.50741E+00  2.40403E-02
 9.27804E+00  2.52437E-02
 9.09115E+00  2.37591E-02
 9.00551E+00  2.17630E-02
 8.84720E+00  2.09655E-02
 8.69311E+00  1.93813E-02
 8.56807E+00  1.77384E-02
 8.41584E+00  1.64711E-02
 8.22747E+00  1.48327E-02
 8.07315E+00  1.23190E-02
 7.98646E+00  1.08523E-02
 7.90275E+00  1.03474E-02
 7.80851E+00  1.00120E-02
 7.72160E+00  9.70267E-03
 7.63426E+00  9.36368E-03
 7.56696E+00  8.83423E-03
 7.51065E+00  8.33527E-03
 7.43975E+00  7.88176E-03
 7.39494E+00  7.48126E-03
 7.37341E+00  7.26762E-03
 7.31706E+00  7.17720E-03
 7.14788E+00  6.96744E-03
 6.98519E+00  6.55963E-03
 6.85045E+00  6.35359E-03
 6.71989E+00  6.39826E-03
 6.66011E+00  6.48546E-03
 6.60098E+00  6.55319E-03
 6.54986E+00  6.64391E-03
 6.49918E+00  6.73153E-03
 6.43249E+00  6.85556E-03
 6.36669E+00  7.07436E-03
 6.26770E+00  7.40750E-03
 6.10139E+00  7.98232E-03
 5.96963E+00  7.98892E-03
 5.90650E+00  7.58390E-03
 5.85444E+00  7.51218E-03
 5.76843E+00  7.49835E-03
 5.67192E+00  7.54916E-03
 5.63777E+00  7.63540E-03
 5.60382E+00  7.67612E-03
 5.55566E+00  7.72301E-03
 5.51159E+00  7.79438E-03
 5.45941E+00  7.86448E-03
 5.40040E+00  7.95180E-03
 5.33892E+00  8.05636E-03
 5.23127E+00  8.17114E-03
 5.12722E+00  8.39033E-03
 5.09396E+00  8.62082E-03
 5.06093E+00  8.69778E-03
 5.01725E+00  8.77561E-03
 4.97599E+00  8.88128E-03
 4.92964E+00  8.98472E-03
 4.88498E+00  9.10447E-03
 4.77740E+00  9.22308E-03
 4.67114E+00  9.52044E-03
 4.63840E+00  9.83866E-03
 4.60594E+00  9.94081E-03
 4.56520E+00  1.00438E-02
 4.52997E+00  1.01764E-02
 4.49500E+00  1.02936E-02
 4.47263E+00  1.04125E-02
 4.46177E+00  1.04900E-02
 4.43395E+00  1.05280E-02
 4.40448E+00  1.06266E-02
 4.37525E+00  1.07332E-02
 4.33123E+00  1.08406E-02
 4.28785E+00  1.10065E-02
 4.24438E+00  1.11746E-02
 4.20368E+00  1.13478E-02
 4.16756E+00  1.15139E-02
 4.14169E+00  1.16640E-02
 4.11550E+00  1.17738E-02
 4.08168E+00  1.18866E-02
 4.05068E+00  1.20356E-02
 4.01805E+00  1.21750E-02
 3.98976E+00  1.23251E-02
 3.96006E+00  1.24580E-02
 3.93789E+00  1.25985E-02
 3.91586E+00  1.27050E-02
 3.86662E+00  1.28122E-02
 3.81836E+00  1.30578E-02
 3.79609E+00  1.33079E-02
 3.77397E+00  1.34264E-02
 3.73945E+00  1.35455E-02
 3.68553E+00  1.37350E-02
 3.61326E+00  1.40392E-02
 3.54242E+00  1.44682E-02
 3.46557E+00  1.49122E-02
 3.41039E+00  1.54199E-02
 3.38256E+00  1.58096E-02
 3.33935E+00  1.60222E-02
 3.29630E+00  1.64766E-02
 3.28208E+00  1.68664E-02
 3.25270E+00  1.69140E-02
 3.21027E+00  1.70611E-02
 3.14946E+00  1.73142E-02
 3.09065E+00  1.78029E-02
 3.07134E+00  1.83166E-02
 3.05510E+00  1.84920E-02
 3.03548E+00  1.86417E-02
 2.99579E+00  1.88259E-02
 2.92457E+00  1.92072E-02
 2.87218E+00  1.99188E-02
 2.81378E+00  2.04765E-02
 2.75748E+00  2.11229E-02
 2.71538E+00  2.17838E-02
 2.67438E+00  2.22971E-02
 2.65138E+00  2.28232E-02
 2.62958E+00  2.31241E-02
 2.61099E+00  2.34130E-02
 2.59919E+00  2.36646E-02
 2.58658E+00  2.38270E-02
 2.57505E+00  2.40025E-02
 2.56358E+00  2.41655E-02
 2.52659E+00  2.43292E-02
 2.49510E+00  2.48696E-02
 2.48078E+00  2.53459E-02
 2.45053E+00  2.55637E-02
 2.41996E+00  2.60351E-02
 2.37007E+00  2.65310E-02
 2.32289E+00  2.73706E-02
 2.29676E+00  2.82185E-02
 2.27888E+00  2.87046E-02
 2.24743E+00  2.90483E-02
 2.20939E+00  2.96624E-02
 2.19070E+00  3.04309E-02
 2.17659E+00  3.08151E-02
 2.17159E+00  3.11122E-02
 2.16390E+00  3.12186E-02
 2.12454E+00  3.13833E-02
 2.08509E+00  3.22476E-02
 2.07088E+00  3.31662E-02
 2.03596E+00  3.35054E-02
 2.00199E+00  3.43633E-02
 1.98943E+00  3.52482E-02
 1.97782E+00  3.55804E-02
 1.96622E+00  3.58878E-02
 1.95523E+00  3.62005E-02
 1.94963E+00  3.65014E-02
 1.94462E+00  3.66566E-02
 1.93903E+00  3.67965E-02
 1.92917E+00  3.69542E-02
 1.91399E+00  3.72342E-02
 1.90446E+00  3.76750E-02
 1.89499E+00  3.79570E-02
 1.88797E+00  3.82406E-02
 1.88242E+00  3.84540E-02
 1.87330E+00  3.86221E-02
 1.86324E+00  3.88965E-02
 1.85150E+00  3.92029E-02
 1.83433E+00  3.95668E-02
 1.81823E+00  4.01101E-02
 1.80883E+00  4.06343E-02
 1.79934E+00  4.09462E-02
 1.78708E+00  4.12657E-02
 1.76667E+00  4.16852E-02
 1.75177E+00  4.23919E-02
 1.74623E+00  4.29209E-02
 1.74208E+00  4.31202E-02
 1.73620E+00  4.32705E-02
 1.72352E+00  4.34852E-02
 1.71099E+00  4.39556E-02
 1.69570E+00  4.44309E-02
 1.68064E+00  4.50235E-02
 1.67229E+00  4.56235E-02
 1.66399E+00  4.59553E-02
 1.65395E+00  4.62862E-02
 1.64399E+00  4.66935E-02
 1.63192E+00  4.71040E-02
 1.62018E+00  4.76111E-02
 1.61074E+00  4.81155E-02
 1.60494E+00  4.85284E-02
 1.59899E+00  4.87855E-02
 1.59351E+00  4.90518E-02
 1.58804E+00  4.93004E-02
 1.57371E+00  4.95492E-02
 1.55959E+00  5.01927E-02
 1.55248E+00  5.08384E-02
 1.54374E+00  5.11700E-02
 1.53299E+00  5.15824E-02
 1.50400E+00  5.20998E-02
 1.48015E+00  5.35367E-02
 1.47587E+00  5.47909E-02
 1.46526E+00  5.50183E-02
 1.45848E+00  5.55914E-02
 1.45110E+00  5.59644E-02
 1.43999E+00  5.63749E-02
 1.43529E+00  5.70063E-02
 1.43059E+00  5.72783E-02
 1.41254E+00  5.75511E-02
 1.39489E+00  5.86160E-02
 1.38336E+00  5.96676E-02
 1.37199E+00  6.03684E-02
 1.36598E+00  6.10781E-02
 1.35999E+00  6.14605E-02
 1.34382E+00  6.18448E-02
 1.32804E+00  6.29050E-02
 1.32095E+00  6.39690E-02
 1.31397E+00  6.44454E-02
 1.30700E+00  6.49211E-02
 1.30248E+00  6.54034E-02
 1.29874E+00  6.57197E-02
 1.29326E+00  6.59845E-02
 1.28788E+00  6.63756E-02
 1.28181E+00  6.67646E-02
 1.27588E+00  6.72091E-02
 1.27000E+00  6.76489E-02
 1.26347E+00  6.80910E-02
 1.25740E+00  6.85886E-02
 1.25224E+00  6.90541E-02
 1.24736E+00  6.94476E-02
 1.24228E+00  6.98239E-02
 1.22377E+00  7.02196E-02
 1.20500E+00  7.16952E-02
 1.19796E+00  7.32762E-02
 1.19099E+00  7.38839E-02
 1.18371E+00  7.44958E-02
 1.17650E+00  7.51238E-02
 1.17188E+00  7.57471E-02
 1.16760E+00  7.61515E-02
 1.16233E+00  7.65309E-02
 1.14347E+00  7.70031E-02
 1.12490E+00  7.87342E-02
 1.11926E+00  8.05425E-02
 1.10950E+00  8.10975E-02
 1.10000E+00  8.20622E-02
 1.09690E+00  8.30290E-02
 1.09381E+00  8.33495E-02
 1.08853E+00  8.36710E-02
 1.08365E+00  8.42267E-02
 1.07917E+00  8.47481E-02
 1.07456E+00  8.52333E-02
 1.06981E+00  8.57372E-02
 1.05581E+00  8.62641E-02
 1.04193E+00  8.78315E-02
 1.03736E+00  8.94230E-02
 1.03320E+00  8.99567E-02
 1.02870E+00  9.04499E-02
 1.02048E+00  9.09896E-02
 1.01237E+00  9.19945E-02
 1.00864E+00  9.30132E-02
 1.00494E+00  9.34895E-02
 1.00131E+00  9.39680E-02
 9.97335E-01  9.44414E-02
 9.92045E-01  9.49546E-02
 9.87497E-01  9.56387E-02
 9.84014E-01  9.62357E-02
 9.80426E-01  9.66990E-02
 9.76204E-01  9.71808E-02
 9.70712E-01  9.77558E-02
 9.65267E-01  9.85154E-02
 9.59905E-01  9.92813E-02
 9.54595E-01  1.00048E-01
 9.50829E-01  1.00820E-01
 9.47088E-01  1.01376E-01
 9.43506E-01  1.01934E-01
 9.39947E-01  1.02469E-01
 9.37205E-01  1.02984E-01
 9.34471E-01  1.03384E-01
 9.28655E-01  1.03785E-01
 9.22900E-01  1.04650E-01
 9.17603E-01  1.05524E-01
 9.12360E-01  1.06340E-01
 9.09649E-01  1.07163E-01
 9.07024E-01  1.07594E-01
 9.03274E-01  1.08014E-01
 8.98805E-01  1.08621E-01
 8.93641E-01  1.09354E-01
 8.89404E-01  1.10215E-01
 8.86219E-01  1.10922E-01
 8.82994E-01  1.11448E-01
 8.79081E-01  1.11986E-01
 8.75443E-01  1.12649E-01
 8.72938E-01  1.13275E-01
 8.70422E-01  1.13710E-01
 8.68645E-01  1.14152E-01
 8.66499E-01  1.14468E-01
 8.64092E-01  1.14852E-01
 8.61636E-01  1.15286E-01
 8.58132E-01  1.15733E-01
 8.54846E-01  1.16381E-01
 8.52574E-01  1.16999E-01
 8.50530E-01  1.17429E-01
 8.47727E-01  1.17821E-01
 8.45711E-01  1.18367E-01
 8.43356E-01  1.18763E-01
 8.37870E-01  1.19229E-01
 8.30456E-01  1.20299E-01
 8.26069E-01  1.21764E-01
 8.23671E-01  1.22656E-01
 8.21292E-01  1.23149E-01
 8.20395E-01  1.23646E-01
 8.19956E-01  1.23836E-01
 8.19598E-01  1.23930E-01
 8.16669E-01  1.24006E-01
 8.11070E-01  1.24633E-01
 8.06961E-01  1.25858E-01
 8.04296E-01  1.26779E-01
 8.02253E-01  1.27385E-01
 7.99947E-01  1.27856E-01
 7.96302E-01  1.28395E-01
 7.92687E-01  1.29255E-01
 7.90827E-01  1.30114E-01
 7.89357E-01  1.30556E-01
 7.87032E-01  1.30907E-01
 7.85386E-01  1.31464E-01
 7.83520E-01  1.31862E-01
 7.80620E-01  1.32320E-01
 7.77855E-01  1.33040E-01
 7.75413E-01  1.33731E-01
 7.73017E-01  1.34351E-01
 7.70953E-01  1.34968E-01
 7.68821E-01  1.35504E-01
 7.66347E-01  1.36061E-01
 7.63708E-01  1.36715E-01
 7.61506E-01  1.37422E-01
 7.59272E-01  1.38016E-01
 7.57250E-01  1.38623E-01
 7.55412E-01  1.39179E-01
 7.52887E-01  1.39689E-01
 7.49707E-01  1.40396E-01
 7.45891E-01  1.41287E-01
 7.41604E-01  1.42324E-01
 7.36861E-01  1.43503E-01
 7.33205E-01  1.44830E-01
 7.30908E-01  1.45871E-01
 7.28770E-01  1.46533E-01
 7.26316E-01  1.47155E-01
 7.23702E-01  1.47874E-01
 7.20730E-01  1.48648E-01
 7.17742E-01  1.49539E-01
 7.15656E-01  1.50445E-01
 7.13580E-01  1.51084E-01
 7.11249E-01  1.51728E-01
 7.08972E-01  1.52458E-01
 7.06475E-01  1.53175E-01
 7.03533E-01  1.53961E-01
 7.00569E-01  1.54890E-01
 6.96416E-01  1.55837E-01
 6.92309E-01  1.57190E-01
 6.90691E-01  1.58556E-01
 6.89079E-01  1.59103E-01
 6.84402E-01  1.59655E-01
 6.77610E-01  1.61285E-01
 6.73310E-01  1.63730E-01
 6.71408E-01  1.65331E-01
 6.69971E-01  1.66054E-01
 6.68312E-01  1.66603E-01
 6.65367E-01  1.67244E-01
 6.62440E-01  1.68357E-01
 6.60262E-01  1.69478E-01
 6.58276E-01  1.70326E-01
 6.56428E-01  1.71115E-01
 6.54657E-01  1.71857E-01
 6.52683E-01  1.72572E-01
 6.49845E-01  1.73383E-01
 6.46364E-01  1.74579E-01
 6.43509E-01  1.76072E-01
 6.42069E-01  1.77324E-01
 6.40827E-01  1.77966E-01
 6.39153E-01  1.78521E-01
 6.37705E-01  1.79273E-01
 6.36130E-01  1.79935E-01
 6.34689E-01  1.80668E-01
 6.33065E-01  1.81342E-01
 6.30953E-01  1.82106E-01
 6.24870E-01  1.83106E-01
 6.18610E-01  1.85984E-01
 6.16189E-01  1.89041E-01
 6.14769E-01  1.90254E-01
 6.13349E-01  1.90973E-01
 6.11023E-01  1.91696E-01
 6.08700E-01  1.92890E-01
 6.05160E-01  1.94102E-01
 6.00351E-01  1.95985E-01
 5.95618E-01  1.98593E-01
 5.90960E-01  2.01203E-01
 5.87559E-01  2.03722E-01
 5.83954E-01  2.05595E-01
 5.78999E-01  2.07622E-01
 5.75460E-01  2.10460E-01
 5.73765E-01  2.12529E-01
 5.72069E-01  2.13538E-01
 5.70414E-01  2.14559E-01
 5.69720E-01  2.15563E-01
 5.67597E-01  2.15985E-01
 5.64528E-01  2.17281E-01
 5.61124E-01  2.19177E-01
 5.57739E-01  2.21293E-01
 5.55754E-01  2.23403E-01
 5.53959E-01  2.24655E-01
 5.52181E-01  2.25800E-01
 5.49760E-01  2.26942E-01
 5.46716E-01  2.28519E-01
 5.43706E-01  2.30542E-01
 5.41142E-01  2.32579E-01
 5.39846E-01  2.34334E-01
 5.38548E-01  2.35228E-01
 5.36454E-01  2.36126E-01
 5.34410E-01  2.37599E-01
 5.32513E-01  2.39065E-01
 5.30756E-01  2.40441E-01
 5.29290E-01  2.41717E-01
 5.27880E-01  2.42744E-01
 5.26240E-01  2.43734E-01
 5.23245E-01  2.44894E-01
 5.20029E-01  2.47051E-01
 5.17957E-01  2.49412E-01
 5.15888E-01  2.50961E-01
 5.13163E-01  2.52535E-01
 5.09845E-01  2.54634E-01
 5.06569E-01  2.57234E-01
 5.03335E-01  2.59856E-01
 5.00752E-01  2.62503E-01
 4.98796E-01  2.64639E-01
 4.97375E-01  2.66232E-01
 4.95998E-01  2.67398E-01
 4.94379E-01  2.68533E-01
 4.92891E-01  2.69884E-01
 4.91234E-01  2.71139E-01
 4.89340E-01  2.72545E-01
 4.87735E-01  2.74176E-01
 4.86131E-01  2.75580E-01
 4.83821E-01  2.76997E-01
 4.81280E-01  2.79062E-01
 4.78766E-01  2.81367E-01
 4.76278E-01  2.83689E-01
 4.74169E-01  2.86043E-01
 4.72645E-01  2.88075E-01
 4.71309E-01  2.89516E-01
 4.69912E-01  2.90731E-01
 4.68378E-01  2.92008E-01
 4.66608E-01  2.93421E-01
 4.64722E-01  2.95089E-01
 4.62769E-01  2.96903E-01
 4.60833E-01  2.98799E-01
 4.58864E-01  3.00704E-01
 4.56809E-01  3.02664E-01
 4.55484E-01  3.04744E-01
 4.54157E-01  3.06109E-01
 4.51892E-01  3.07491E-01
 4.49392E-01  3.09872E-01
 4.47149E-01  3.12531E-01
 4.44654E-01  3.14946E-01
 4.41693E-01  3.17562E-01
 4.38770E-01  3.20687E-01
 4.36328E-01  3.23816E-01
 4.35187E-01  3.26479E-01
 4.34045E-01  3.27745E-01
 4.31522E-01  3.29028E-01
 4.29009E-01  3.31907E-01
 4.26065E-01  3.34841E-01
 4.23139E-01  3.38353E-01
 4.21561E-01  3.41902E-01
 4.19982E-01  3.43825E-01
 4.17726E-01  3.45654E-01
 4.15191E-01  3.48290E-01
 4.12686E-01  3.51306E-01
 4.10472E-01  3.54346E-01
 4.09056E-01  3.57096E-01
 4.07639E-01  3.58889E-01
 4.05093E-01  3.60696E-01
 4.02693E-01  3.63975E-01
 4.01177E-01  3.67122E-01
 3.99840E-01  3.69155E-01
 3.98488E-01  3.70973E-01
 3.96917E-01  3.72818E-01
 3.95186E-01  3.74900E-01
 3.93369E-01  3.77182E-01
 3.91132E-01  3.79614E-01
 3.88840E-01  3.82673E-01
 3.86879E-01  3.85882E-01
 3.85208E-01  3.88692E-01
 3.83537E-01  3.91123E-01
 3.81661E-01  3.93579E-01
 3.79789E-01  3.96369E-01
 3.78426E-01  3.99189E-01
 3.77238E-01  4.01269E-01
 3.75714E-01  4.03094E-01
 3.74384E-01  4.05451E-01
 3.73102E-01  4.07439E-01
 3.71678E-01  4.09369E-01
 3.69972E-01  4.11539E-01
 3.68490E-01  4.14197E-01
 3.67560E-01  4.16542E-01
 3.65907E-01  4.18023E-01
 3.64621E-01  4.20681E-01
 3.62824E-01  4.22774E-01
 3.60267E-01  4.25722E-01
 3.58515E-01  4.29980E-01
 3.56699E-01  4.32960E-01
 3.54609E-01  4.36115E-01
 3.52283E-01  4.39777E-01
 3.50354E-01  4.43709E-01
 3.48804E-01  4.46996E-01
 3.47800E-01  4.49643E-01
 3.46845E-01  4.51369E-01
 3.45404E-01  4.53038E-01
 3.44089E-01  4.55625E-01
 3.42846E-01  4.58036E-01
 3.41944E-01  4.60319E-01
 3.40671E-01  4.61976E-01
 3.38759E-01  4.64310E-01
 3.37047E-01  4.67890E-01
 3.35521E-01  4.71198E-01
 3.34229E-01  4.74195E-01
 3.33062E-01  4.76584E-01
 3.31852E-01  4.78633E-01
 3.30434E-01  4.80769E-01
 3.28569E-01  4.83322E-01
 3.26444E-01  4.86750E-01
 3.24346E-01  4.90755E-01
 3.22274E-01  4.94810E-01
 3.20369E-01  4.98866E-01
 3.18999E-01  5.02644E-01
 3.17629E-01  5.05394E-01
 3.16525E-01  5.08173E-01
 3.15419E-01  5.10431E-01
 3.13641E-01  5.12616E-01
 3.12469E-01  5.16098E-01
 3.11797E-01  5.18417E-01
 3.10723E-01  5.19754E-01
 3.09035E-01  5.21900E-01
 3.07373E-01  5.25333E-01
 3.06077E-01  5.28792E-01
 3.04636E-01  5.31532E-01
 3.03058E-01  5.34446E-01
 3.01624E-01  5.37534E-01
 3.00462E-01  5.40124E-01
 2.99276E-01  5.41951E-01
 2.97934E-01  5.43761E-01
 2.96765E-01  5.45774E-01
 2.95628E-01  5.47468E-01
 2.94353E-01  5.49135E-01
 2.92869E-01  5.51090E-01
 2.91544E-01  5.53461E-01
 2.90219E-01  5.55656E-01
 2.88517E-01  5.58021E-01
 2.86874E-01  5.61178E-01
 2.85314E-01  5.64364E-01
 2.83567E-01  5.67537E-01
 2.81648E-01  5.71289E-01
 2.79967E-01  5.75674E-01
 2.78511E-01  5.79648E-01
 2.77464E-01  5.83295E-01
 2.76319E-01  5.86034E-01
 2.74825E-01  5.89125E-01
 2.73334E-01  5.93416E-01
 2.71220E-01  5.98033E-01
 2.69119E-01  6.05033E-01
 2.66967E-01  6.12492E-01
 2.64947E-01  6.20828E-01
 2.63772E-01  6.29309E-01
 2.62680E-01  6.34628E-01
 2.61232E-01  6.39888E-01
 2.59557E-01  6.47344E-01
 2.58027E-01  6.56501E-01
 2.56631E-01  6.65364E-01
 2.55257E-01  6.74069E-01
 2.53910E-01  6.83284E-01
 2.52577E-01  6.92838E-01
 2.51126E-01  7.02857E-01
 2.49149E-01  7.14457E-01
 2.47896E-01  7.31937E-01
 2.47039E-01  7.43524E-01
 2.45542E-01  7.52356E-01
 2.44025E-01  7.68238E-01
 2.42637E-01  7.85270E-01
 2.41653E-01  8.01671E-01
 2.41174E-01  8.13885E-01
 2.40423E-01  8.19998E-01
 2.39538E-01  8.29655E-01
 2.38546E-01  8.41310E-01
 2.36803E-01  8.55078E-01
 2.35213E-01  8.80311E-01
 2.34114E-01  9.04472E-01
 2.33129E-01  9.21754E-01
 2.31993E-01  9.37531E-01
 2.30615E-01  9.55955E-01
 2.29728E-01  9.78814E-01
 2.29016E-01  9.93797E-01
 2.27883E-01  1.00552E+00
 2.27099E-01  1.02391E+00
 2.26291E-01  1.03653E+00
 2.25283E-01  1.04867E+00
 2.24282E-01  1.06314E+00
 2.23419E-01  1.07679E+00
 2.22532E-01  1.08754E+00
 2.21332E-01  1.09688E+00
 2.20068E-01  1.10843E+00
 2.18667E-01  1.11793E+00
 2.17804E-01  1.12474E+00
 2.16968E-01  1.12739E+00
 2.15709E-01  1.12830E+00
 2.14729E-01  1.12694E+00
 2.13756E-01  1.12319E+00
 2.12504E-01  1.11808E+00
 2.11122E-01  1.10857E+00
 2.09719E-01  1.09496E+00
 2.08850E-01  1.07810E+00
 2.07979E-01  1.06679E+00
 2.07196E-01  1.05395E+00
 2.06133E-01  1.04226E+00
 2.05099E-01  1.02534E+00
 2.04490E-01  1.00868E+00
 2.03370E-01  9.98710E-01
 2.02532E-01  9.80742E-01
 2.01555E-01  9.67548E-01
 2.00173E-01  9.52269E-01
 1.99440E-01  9.30706E-01
 1.98689E-01  9.19354E-01
 1.94866E-01  9.08794E-01
 1.91204E-01  8.61813E-01
 1.89993E-01  8.19700E-01
 1.88790E-01  8.09141E-01
 1.87436E-01  7.99304E-01
 1.86029E-01  7.89544E-01
 1.84292E-01  7.80807E-01
 1.82616E-01  7.71595E-01
 1.81496E-01  7.63924E-01
 1.80481E-01  7.59983E-01
 1.79304E-01  7.57134E-01
 1.77855E-01  7.54567E-01
 1.76468E-01  7.52351E-01
 1.75434E-01  7.49725E-01
 1.74487E-01  7.48273E-01
 1.73240E-01  7.47490E-01
 1.71849E-01  7.47139E-01
 1.70476E-01  7.47617E-01
 1.69109E-01  7.48974E-01
 1.68093E-01  7.51189E-01
 1.67136E-01  7.53340E-01
 1.65962E-01  7.55059E-01
 1.65008E-01  7.57467E-01
 1.63999E-01  7.59899E-01
 1.62823E-01  7.63085E-01
 1.62219E-01  7.67380E-01
 1.62120E-01  7.69823E-01
 1.62082E-01  7.70259E-01
 1.61411E-01  7.70435E-01
 1.60199E-01  7.73642E-01
 1.59099E-01  7.79929E-01
 1.58304E-01  7.86340E-01
 1.57489E-01  7.90999E-01
 1.56910E-01  7.94990E-01
 1.56371E-01  7.97927E-01
 1.55344E-01  8.00944E-01
 1.54309E-01  8.06996E-01
 1.53750E-01  8.13710E-01
 1.53101E-01  8.17604E-01
 1.52293E-01  8.22412E-01
 1.51681E-01  8.28672E-01
 1.50449E-01  8.33724E-01
 1.49120E-01  8.44656E-01
 1.48089E-01  8.56019E-01
 1.47419E-01  8.63537E-01
 1.46659E-01  8.68639E-01
 1.45597E-01  8.74778E-01
 1.44539E-01  8.83790E-01
 1.43442E-01  8.93492E-01
 1.42473E-01  9.04205E-01
 1.41594E-01  9.14378E-01
 1.40792E-01  9.24048E-01
 1.40067E-01  9.31557E-01
 1.39389E-01  9.37526E-01
 1.38644E-01  9.43372E-01
 1.37849E-01  9.50147E-01
 1.37001E-01  9.57754E-01
 1.36414E-01  9.66354E-01
 1.35813E-01  9.72473E-01
 1.34886E-01  9.78859E-01
 1.34355E-01  9.89066E-01
 1.33801E-01  9.95151E-01
 1.32879E-01  1.00174E+00
 1.31973E-01  1.01234E+00
 1.31109E-01  1.02261E+00
 1.30279E-01  1.03297E+00
 1.29317E-01  1.04469E+00
 1.28549E-01  1.06132E+00
 1.27749E-01  1.07509E+00
 1.27039E-01  1.08798E+00
 1.26427E-01  1.09951E+00
 1.25571E-01  1.10938E+00
 1.24771E-01  1.12322E+00
 1.24177E-01  1.13603E+00
 1.23717E-01  1.14556E+00
 1.22931E-01  1.15284E+00
 1.21992E-01  1.16577E+00
 1.21264E-01  1.18192E+00
 1.20640E-01  1.19490E+00
 1.19997E-01  1.20626E+00
 1.19658E-01  1.21845E+00
 1.19195E-01  1.22515E+00
 1.18429E-01  1.23436E+00
 1.17641E-01  1.24900E+00
 1.16717E-01  1.26349E+00
 1.15386E-01  1.28083E+00
 1.14127E-01  1.30757E+00
 1.13404E-01  1.33422E+00
 1.12628E-01  1.34998E+00
 1.11929E-01  1.36723E+00
 1.11159E-01  1.38311E+00
 1.10375E-01  1.40101E+00
 1.09562E-01  1.41958E+00
 1.08509E-01  1.43966E+00
 1.07734E-01  1.46690E+00
 1.07015E-01  1.48761E+00
 1.06114E-01  1.50655E+00
 1.05535E-01  1.53032E+00
 1.04918E-01  1.54631E+00
 1.04418E-01  1.56435E+00
 1.04330E-01  1.57916E+00
 1.03866E-01  1.58180E+00
 1.03184E-01  1.59568E+00
 1.02499E-01  1.61626E+00
 1.01864E-01  1.63728E+00
 1.01253E-01  1.65752E+00
 1.00627E-01  1.67781E+00
 1.00185E-01  1.69894E+00
 9.99277E-02  1.71412E+00
 9.96041E-02  1.72227E+00
 9.90970E-02  1.73018E+00
 9.84917E-02  1.74269E+00
 9.77940E-02  1.75797E+00
 9.70929E-02  1.77614E+00
 9.63269E-02  1.79511E+00
 9.57648E-02  1.81675E+00
 9.56130E-02  1.83308E+00
 9.54312E-02  1.83754E+00
 9.49725E-02  1.84306E+00
 9.43948E-02  1.85719E+00
 9.39766E-02  1.87516E+00
 9.36416E-02  1.88683E+00
 9.30774E-02  1.89617E+00
 9.23680E-02  1.91239E+00
 9.15905E-02  1.93359E+00
 9.11733E-02  1.95795E+00
 9.11532E-02  1.97142E+00
 9.10895E-02  1.97212E+00
 9.09572E-02  1.97432E+00
 9.04081E-02  1.97891E+00
 8.98118E-02  1.99828E+00
 8.92146E-02  2.01987E+00
 8.85595E-02  2.04285E+00
 8.79436E-02  2.06826E+00
 8.71168E-02  2.09392E+00
 8.64972E-02  2.13078E+00
 8.58397E-02  2.16010E+00
 8.53504E-02  2.19390E+00
 8.52020E-02  2.21997E+00
 8.46528E-02  2.22807E+00
 8.40508E-02  2.26060E+00
 8.35333E-02  2.29858E+00
 8.28237E-02  2.33583E+00
 8.24668E-02  2.39040E+00
 8.23034E-02  2.41942E+00
 8.17089E-02  2.43307E+00
 8.03085E-02  2.48621E+00
 7.90159E-02  2.63130E+00
 7.86348E-02  2.77951E+00
 7.82719E-02  2.82709E+00
 7.76430E-02  2.87546E+00
 7.70572E-02  2.96240E+00
 7.66840E-02  3.04729E+00
 7.64339E-02  3.10293E+00
 7.60635E-02  3.14054E+00
 7.58304E-02  3.19654E+00
 7.55895E-02  3.23183E+00
 7.51490E-02  3.26712E+00
 7.46068E-02  3.33150E+00
 7.41426E-02  3.40224E+00
 7.36883E-02  3.45719E+00
 7.32813E-02  3.50201E+00
 7.27168E-02  3.53847E+00
 7.18553E-02  3.56712E+00
 7.11400E-02  3.58824E+00
 7.05067E-02  3.57638E+00
 7.00884E-02  3.53816E+00
 6.96513E-02  3.50253E+00
 6.90643E-02  3.45599E+00
 6.85903E-02  3.38689E+00
 6.83058E-02  3.32728E+00
 6.80109E-02  3.29060E+00
 6.77304E-02  3.25219E+00
 6.72889E-02  3.21545E+00
 6.67938E-02  3.15999E+00
 6.66095E-02  3.09719E+00
 6.61906E-02  3.07159E+00
 6.58096E-02  3.01270E+00
 6.54227E-02  2.95830E+00
 6.46990E-02  2.90085E+00
 6.42143E-02  2.79195E+00
 6.37232E-02  2.71812E+00
 6.30466E-02  2.64315E+00
 6.24535E-02  2.53637E+00
 6.21036E-02  2.43003E+00
 6.16868E-02  2.36659E+00
 6.09784E-02  2.29131E+00
 6.02740E-02  2.16314E+00
 5.97506E-02  2.03557E+00
 5.92209E-02  1.94070E+00
 5.88281E-02  1.85431E+00
 5.85707E-02  1.79289E+00
 5.82164E-02  1.75193E+00
 5.79807E-02  1.69958E+00
 5.76869E-02  1.67303E+00
 5.74052E-02  1.64643E+00
 5.70982E-02  1.62266E+00
 5.66451E-02  1.60056E+00
 5.61109E-02  1.56749E+00
 5.57982E-02  1.52829E+00
 5.54984E-02  1.50631E+00
 5.49366E-02  1.48555E+00
 5.46402E-02  1.44661E+00
 5.43655E-02  1.42599E+00
 5.38812E-02  1.40756E+00
 5.34094E-02  1.37583E+00
 5.31467E-02  1.34743E+00
 5.29493E-02  1.33238E+00
 5.25867E-02  1.32185E+00
 5.22316E-02  1.30281E+00
 5.20403E-02  1.28472E+00
 5.17630E-02  1.27520E+00
 5.13985E-02  1.26174E+00
 5.11434E-02  1.24400E+00
 5.09247E-02  1.23197E+00
 5.06576E-02  1.22182E+00
 5.04473E-02  1.20958E+00
 5.03383E-02  1.19994E+00
 4.99235E-02  1.19500E+00
 4.93575E-02  1.17670E+00
 4.89281E-02  1.15228E+00
 4.84747E-02  1.13441E+00
 4.79863E-02  1.11589E+00
 4.74883E-02  1.09595E+00
 4.70094E-02  1.07487E+00
 4.65886E-02  1.05408E+00
 4.61982E-02  1.03604E+00
 4.59907E-02  1.01986E+00
 4.57285E-02  1.01164E+00
 4.51986E-02  1.00231E+00
 4.48872E-02  9.84579E-01
 4.45855E-02  9.74556E-01
 4.42545E-02  9.64773E-01
 4.39545E-02  9.53859E-01
 4.36436E-02  9.42318E-01
 4.34178E-02  9.29939E-01
 4.29835E-02  9.21062E-01
 4.25822E-02  9.04743E-01
 4.22022E-02  8.91310E-01
 4.19218E-02  8.82293E-01
 4.16780E-02  8.76395E-01
 4.14370E-02  8.72370E-01
 4.11140E-02  8.68508E-01
 4.06762E-02  8.63964E-01
 4.04899E-02  8.58073E-01
 4.04533E-02  8.55837E-01
 4.02349E-02  8.55421E-01
 4.00090E-02  8.53233E-01
 3.98535E-02  8.50965E-01
 3.94993E-02  8.49671E-01
 3.90524E-02  8.47224E-01
 3.85822E-02  8.45292E-01
 3.83231E-02  8.44954E-01
 3.81004E-02  8.45372E-01
 3.78688E-02  8.46681E-01
 3.76274E-02  8.48213E-01
 3.72202E-02  8.51534E-01
 3.70185E-02  8.58348E-01
 3.70137E-02  8.62455E-01
 3.68345E-02  8.62543E-01
 3.64885E-02  8.65415E-01
 3.61493E-02  8.69177E-01
 3.58307E-02  8.67482E-01
 3.56590E-02  8.61366E-01
 3.54710E-02  8.57371E-01
 3.52817E-02  8.52646E-01
 3.52452E-02  8.47703E-01
 3.50505E-02  8.46770E-01
 3.46767E-02  8.41945E-01
 3.44248E-02  8.32660E-01
 3.41524E-02  8.26342E-01
 3.37896E-02  8.19593E-01
 3.34755E-02  8.10543E-01
 3.31517E-02  8.02691E-01
 3.29064E-02  7.94649E-01
 3.27135E-02  7.88554E-01
 3.25745E-02  7.83735E-01
 3.23212E-02  7.80231E-01
 3.18997E-02  7.73890E-01
 3.15354E-02  7.63342E-01
 3.13364E-02  7.54230E-01
 3.12111E-02  7.49165E-01
 3.09769E-02  7.46010E-01
 3.06774E-02  7.40123E-01
 3.04779E-02  7.32554E-01
 3.03499E-02  7.27485E-01
 3.02633E-02  7.24271E-01
 3.01688E-02  7.22086E-01
 2.99931E-02  7.19730E-01
 2.98397E-02  7.15342E-01
 2.97228E-02  7.11495E-01
 2.94867E-02  7.08519E-01
 2.91700E-02  7.02561E-01
 2.88948E-02  6.94540E-01
 2.86091E-02  6.87595E-01
 2.83402E-02  6.80413E-01
 2.81073E-02  6.73746E-01
 2.79617E-02  6.67981E-01
 2.77889E-02  6.64322E-01
 2.76047E-02  6.60031E-01
 2.75087E-02  6.55440E-01
 2.74264E-02  6.53050E-01
 2.72483E-02  6.50997E-01
 2.69852E-02  6.46582E-01
 2.67061E-02  6.40073E-01
 2.64034E-02  6.33254E-01
 2.62377E-02  6.25828E-01
 2.62038E-02  6.21728E-01
 2.61588E-02  6.20888E-01
 2.60097E-02  6.19772E-01
 2.58646E-02  6.16098E-01
 2.58363E-02  6.12504E-01
 2.56454E-02  6.11809E-01
 2.54310E-02  6.07128E-01
 2.52306E-02  6.01800E-01
 2.50390E-02  5.96930E-01
 2.49199E-02  5.92271E-01
 2.47138E-02  5.89473E-01
 2.44787E-02  5.84593E-01
 2.43529E-02  5.79031E-01
 2.43511E-02  5.76050E-01
 2.42352E-02  5.76007E-01
 2.40755E-02  5.73335E-01
 2.38421E-02  5.69634E-01
 2.35086E-02  5.64460E-01
 2.32755E-02  5.59421E-01
 2.31631E-02  5.57421E-01
 2.30212E-02  5.56561E-01
 2.28503E-02  5.55587E-01
 2.27888E-02  5.54554E-01
 2.27411E-02  5.54237E-01
 2.26616E-02  5.54012E-01
 2.26042E-02  5.53674E-01
 2.25764E-02  5.53468E-01
 2.25033E-02  5.53383E-01
 2.22953E-02  5.53192E-01
 2.20298E-02  5.50605E-01
 2.17957E-02  5.44512E-01
 2.16619E-02  5.38979E-01
 2.15200E-02  5.35827E-01
 2.12889E-02  5.32573E-01
 2.10349E-02  5.27282E-01
 2.08125E-02  5.21330E-01
 2.06742E-02  5.15953E-01
 2.05900E-02  5.12628E-01
 2.04071E-02  5.10607E-01
 2.01031E-02  5.06317E-01
 1.99361E-02  4.99164E-01
 1.97819E-02  4.95367E-01
 1.95934E-02  4.93427E-01
 1.94954E-02  4.91028E-01
 1.93439E-02  4.89778E-01
 1.92313E-02  4.87895E-01
 1.91053E-02  4.86503E-01
 1.88710E-02  4.85033E-01
 1.86600E-02  4.82095E-01
 1.84979E-02  4.77461E-01
 1.83953E-02  4.73451E-01
 1.83369E-02  4.70908E-01
 1.83023E-02  4.69471E-01
 1.82226E-02  4.68622E-01
 1.81195E-02  4.66683E-01
 1.80550E-02  4.64169E-01
 1.80179E-02  4.62609E-01
 1.79774E-02  4.61712E-01
 1.78050E-02  4.60738E-01
 1.76400E-02  4.56615E-01
 1.75872E-02  4.52657E-01
 1.74579E-02  4.51397E-01
 1.73522E-02  4.48359E-01
 1.73302E-02  4.45854E-01
 1.72356E-02  4.45333E-01
 1.71602E-02  4.43108E-01
 1.71194E-02  4.41321E-01
 1.70259E-02  4.40377E-01
 1.68699E-02  4.38207E-01
 1.67572E-02  4.34570E-01
 1.66578E-02  4.31920E-01
 1.65506E-02  4.29632E-01
 1.65290E-02  4.27148E-01
 1.64495E-02  4.26655E-01
 1.63368E-02  4.24848E-01
 1.62266E-02  4.22275E-01
 1.60841E-02  4.19789E-01
 1.60096E-02  4.16572E-01
 1.59742E-02  4.14883E-01
 1.58471E-02  4.14072E-01
 1.56447E-02  4.11182E-01
 1.55052E-02  4.06507E-01
 1.53897E-02  4.03287E-01
 1.52068E-02  4.00655E-01
 1.50145E-02  3.96449E-01
 1.48344E-02  3.92034E-01
 1.47087E-02  3.87803E-01
 1.46302E-02  3.84777E-01
 1.45815E-02  3.82907E-01
 1.44951E-02  3.81747E-01
 1.43152E-02  3.79711E-01
 1.41479E-02  3.75429E-01
 1.40288E-02  3.71498E-01
 1.39753E-02  3.69361E-01
 1.39206E-02  3.68495E-01
 1.37975E-02  3.67607E-01
 1.36751E-02  3.65582E-01
 1.35588E-02  3.63548E-01
 1.34069E-02  3.61653E-01
 1.33187E-02  3.59186E-01
 1.32458E-02  3.57690E-01
 1.30920E-02  3.56361E-01
 1.29151E-02  3.53524E-01
 1.28157E-02  3.50247E-01
 1.27939E-02  3.48394E-01
 1.27720E-02  3.47983E-01
 1.27157E-02  3.47570E-01
 1.26183E-02  3.46537E-01
 1.25532E-02  3.44727E-01
 1.25230E-02  3.43239E-01
 1.24841E-02  3.42420E-01
 1.24278E-02  3.41364E-01
 1.23005E-02  3.39863E-01
 1.21643E-02  3.36545E-01
 1.20905E-02  3.32955E-01
 1.20468E-02  3.31011E-01
 1.19847E-02  3.29860E-01
 1.18672E-02  3.28213E-01
 1.17308E-02  3.25069E-01
 1.15693E-02  3.21347E-01
 1.14698E-02  3.16937E-01
 1.14360E-02  3.14188E-01
 1.14051E-02  3.13267E-01
 1.13723E-02  3.12422E-01
 1.12864E-02  3.11525E-01
 1.11980E-02  3.09203E-01
 1.11247E-02  3.07857E-01
 1.09891E-02  3.09217E-01
 1.08926E-02  3.11980E-01
 1.08713E-02  3.14077E-01
 1.07983E-02  3.14552E-01
 1.07141E-02  3.16224E-01
 1.06439E-02  3.18253E-01
 1.05984E-02  3.20054E-01
 1.05255E-02  3.21262E-01
 1.03935E-02  3.19432E-01
 1.03263E-02  3.15413E-01
 1.02454E-02  3.13337E-01
 1.01706E-02  3.10859E-01
 1.01499E-02  3.08535E-01
 1.00734E-02  3.07892E-01
 1.00085E-02  3.05559E-01
 9.98637E-03  3.03571E-01
 9.94647E-03  3.02883E-01
 9.91953E-03  3.01624E-01
 9.90210E-03  3.00771E-01
 9.85449E-03  3.00222E-01
 9.79574E-03  2.98727E-01
 9.75758E-03  2.96885E-01
 9.68695E-03  2.95688E-01
 9.53534E-03  2.93497E-01
 9.42961E-03  2.88807E-01
 9.36798E-03  2.85494E-01
 9.28338E-03  2.83504E-01
 9.17950E-03  2.80766E-01
 9.08233E-03  2.77433E-01
 9.01310E-03  2.74307E-01
 8.96747E-03  2.72100E-01
 8.95364E-03  2.70643E-01
 8.93107E-03  2.70204E-01
 8.84433E-03  2.69487E-01
 8.74499E-03  2.66654E-01
 8.68593E-03  2.63352E-01
 8.65033E-03  2.61399E-01
 8.63722E-03  2.60223E-01
 8.62100E-03  2.59790E-01
 8.53857E-03  2.59257E-01
 8.44436E-03  2.56575E-01
 8.37901E-03  2.53481E-01
 8.33320E-03  2.51304E-01
 8.29695E-03  2.49741E-01
 8.23651E-03  2.48517E-01
 8.20669E-03  2.46474E-01
 8.19546E-03  2.45464E-01
 8.17100E-03  2.45086E-01
 8.12508E-03  2.44263E-01
 8.07678E-03  2.42722E-01
 7.98307E-03  2.41098E-01
 7.88957E-03  2.37982E-01
 7.86113E-03  2.34780E-01
 7.76934E-03  2.33796E-01
 7.67151E-03  2.30670E-01
 7.60131E-03  2.27294E-01
 7.49605E-03  2.24915E-01
 7.43873E-03  2.21558E-01
 7.42972E-03  2.20523E-01
 7.40238E-03  2.20386E-01
 7.33726E-03  2.19975E-01
 7.24762E-03  2.19002E-01
 7.17732E-03  2.17667E-01
 7.13453E-03  2.16622E-01
 7.05956E-03  2.15992E-01
 6.98983E-03  2.14358E-01
 6.93122E-03  2.11949E-01
 6.87747E-03  2.09848E-01
 6.83953E-03  2.07910E-01
 6.79695E-03  2.06558E-01
 6.77432E-03  2.05038E-01
 6.72145E-03  2.04232E-01
 6.65755E-03  2.02366E-01
 6.60844E-03  2.00046E-01
 6.57724E-03  1.98214E-01
 6.56801E-03  1.97046E-01
 6.53426E-03  1.96703E-01
 6.49612E-03  1.95456E-01
 6.48028E-03  1.94041E-01
 6.45041E-03  1.93456E-01
 6.40745E-03  1.92360E-01
 6.38896E-03  1.90780E-01
 6.33784E-03  1.90101E-01
 6.24400E-03  1.88242E-01
 6.19585E-03  1.84728E-01
 6.14588E-03  1.82897E-01
 6.08879E-03  1.81039E-01
 6.05880E-03  1.78896E-01
 6.01994E-03  1.77782E-01
 5.99476E-03  1.76339E-01
 5.98559E-03  1.75405E-01
 5.96399E-03  1.75066E-01
 5.91075E-03  1.74266E-01
 5.87191E-03  1.72215E-01
 5.86619E-03  1.70696E-01
 5.78953E-03  1.70474E-01
 5.70970E-03  1.67547E-01
 5.70048E-03  1.64440E-01
 5.66688E-03  1.64087E-01
 5.60766E-03  1.62813E-01
 5.56987E-03  1.60552E-01
 5.53996E-03  1.59092E-01
 5.51507E-03  1.57945E-01
 5.50069E-03  1.56988E-01
 5.44609E-03  1.56439E-01
 5.35407E-03  1.54373E-01
 5.30121E-03  1.50896E-01
 5.23962E-03  1.48891E-01
 5.17878E-03  1.46575E-01
 5.15830E-03  1.44255E-01
 5.14085E-03  1.43486E-01
 5.13276E-03  1.42830E-01
 5.09427E-03  1.42527E-01
 5.05417E-03  1.41098E-01
 5.04137E-03  1.39597E-01
 5.03239E-03  1.39123E-01
 4.99464E-03  1.38789E-01
 4.91736E-03  1.37372E-01
 4.86545E-03  1.34425E-01
 4.83984E-03  1.32442E-01
 4.80732E-03  1.31477E-01
 4.76026E-03  1.30256E-01
 4.72017E-03  1.28500E-01
 4.70093E-03  1.26982E-01
 4.67680E-03  1.26239E-01
 4.64834E-03  1.25311E-01
 4.60483E-03  1.24218E-01
 4.57203E-03  1.22563E-01
 4.53550E-03  1.21309E-01
 4.49467E-03  1.19941E-01
 4.45725E-03  1.18399E-01
 4.42053E-03  1.49823E-01
 4.39445E-03  1.93522E-01
 4.36573E-03  2.05674E-01
 4.33769E-03  2.09177E-01
 4.31446E-03  2.14325E-01
 4.29057E-03  2.19961E-01
 4.24093E-03  2.27954E-01
 4.19928E-03  2.52347E-01
 4.18764E-03  2.68557E-01
 4.16064E-03  2.67537E-01
 4.13483E-03  2.65202E-01
 4.10949E-03  2.62944E-01
 4.07481E-03  2.60754E-01
 4.06502E-03  2.57730E-01
 4.02608E-03  2.56878E-01
 3.94918E-03  2.53532E-01
 3.90107E-03  2.46780E-01
 3.87667E-03  2.42456E-01
 3.84817E-03  2.40283E-01
 3.80647E-03  2.37740E-01
 3.77535E-03  2.34053E-01
 3.76348E-03  2.31289E-01
 3.75181E-03  2.30248E-01
 3.74397E-03  2.29193E-01
 3.69318E-03  2.28463E-01
 3.64730E-03  2.23811E-01
 3.63586E-03  2.19518E-01
 3.59872E-03  2.18474E-01
 3.56646E-03  2.15103E-01
 3.55319E-03  2.12153E-01
 3.53879E-03  2.10942E-01
 3.52669E-03  2.09593E-01
 3.49570E-03  2.08440E-01
 3.45459E-03  2.05544E-01
 3.43713E-03  2.01677E-01
 3.40382E-03  2.00034E-01
 3.36935E-03  1.96971E-01
 3.33981E-03  1.93758E-01
 3.29063E-03  1.91019E-01
 3.26279E-03  1.86383E-01
 3.24379E-03  1.83756E-01
 3.21703E-03  1.81993E-01
 3.19300E-03  1.79508E-01
 3.17880E-03  1.77293E-01
 3.16951E-03  1.75985E-01
 3.16171E-03  1.75135E-01
 3.15001E-03  1.74417E-01
 3.12401E-03  1.73315E-01
 3.10422E-03  1.70877E-01
 3.09408E-03  1.69027E-01
 3.08820E-03  1.68088E-01
 3.05027E-03  1.67545E-01
 3.01325E-03  1.64153E-01
 3.01088E-03  1.60775E-01
 2.97678E-03  1.60563E-01
 2.93990E-03  1.57452E-01
 2.90889E-03  1.53907E-01
 2.88165E-03  1.50963E-01
 2.87497E-03  1.48345E-01
 2.85461E-03  1.47713E-01
 2.82709E-03  1.45798E-01
 2.80998E-03  1.43208E-01
 2.78773E-03  1.41566E-01
 2.76277E-03  1.39391E-01
 2.73797E-03  1.36946E-01
 2.71708E-03  1.34572E-01
 2.70708E-03  1.32575E-01
 2.69474E-03  1.31632E-01
 2.68479E-03  1.30472E-01
 2.67665E-03  1.29538E-01
 2.64064E-03  1.28779E-01
 2.60634E-03  1.25450E-01
 2.59639E-03  1.22217E-01
 2.56458E-03  1.21299E-01
 2.53686E-03  1.18411E-01
 2.53339E-03  1.15872E-01
 2.53149E-03  1.15562E-01
 2.51491E-03  1.15392E-01
 2.49215E-03  1.13924E-01
 2.47279E-03  1.11868E-01
 2.45857E-03  1.10130E-01
 2.45331E-03  1.08847E-01
 2.41170E-03  1.08376E-01
 2.37141E-03  1.04757E-01
 2.36813E-03  1.01248E-01
 2.35495E-03  1.01407E-01
 2.33430E-03  1.02726E-01
 2.31424E-03  1.05114E-01
 2.30144E-03  1.07935E-01
 2.28667E-03  1.09977E-01
 2.26363E-03  1.12693E-01
 2.25002E-03  1.17570E-01
 2.24409E-03  1.20899E-01
 2.21925E-03  1.22468E-01
 2.19075E-03  1.21662E-01
 2.18005E-03  1.18949E-01
 2.17310E-03  1.17866E-01
 2.16450E-03  1.17167E-01
 2.14386E-03  1.16307E-01
 2.11215E-03  1.14263E-01
 2.09452E-03  1.11139E-01
 2.08905E-03  1.09333E-01
 2.07681E-03  1.08780E-01
 2.06063E-03  1.07546E-01
 2.04690E-03  1.05922E-01
 2.03111E-03  1.04540E-01
 2.01265E-03  1.02982E-01
 1.99130E-03  1.01166E-01
 1.97227E-03  9.90684E-02
 1.95973E-03  9.71399E-02
 1.92635E-03  9.58790E-02
 1.89797E-03  9.26201E-02
 1.89144E-03  8.98275E-02
 1.88726E-03  8.91959E-02
 1.87355E-03  8.87912E-02
 1.85971E-03  8.74630E-02
 1.84870E-03  8.61045E-02
 1.83480E-03  8.50401E-02
 1.81887E-03  8.36945E-02
 1.78880E-03  8.21875E-02
 1.76222E-03  7.94433E-02
 1.73894E-03  7.77710E-02
 1.71537E-03  7.74809E-02
 1.70087E-03  7.81245E-02
 1.68662E-03  7.92562E-02
 1.67750E-03  8.11514E-02
 1.66776E-03  8.26335E-02
 1.65610E-03  8.34847E-02
 1.64708E-03  8.45875E-02
 1.63067E-03  8.55259E-02
 1.61819E-03  8.74145E-02
 1.59778E-03  8.90084E-02
 1.56568E-03  9.17726E-02
 1.54808E-03  9.17574E-02
 1.53837E-03  8.96559E-02
 1.52408E-03  8.85230E-02
 1.51571E-03  8.68643E-02
 1.49405E-03  8.58918E-02
 1.46777E-03  8.37460E-02
 1.45617E-03  8.21176E-02
 1.43744E-03  8.14979E-02
 1.42371E-03  8.05069E-02
 1.42164E-03  7.97733E-02
 1.41629E-03  7.96646E-02
 1.39968E-03  7.93752E-02
 1.38677E-03  7.76892E-02
 1.38491E-03  7.61985E-02
 1.36947E-03  7.59875E-02
 1.35451E-03  7.42603E-02
 1.35204E-03  7.25687E-02
 1.33686E-03  7.22960E-02
 1.32121E-03  7.06430E-02
 1.31595E-03  6.89019E-02
 1.30288E-03  6.83248E-02
 1.28688E-03  6.69126E-02
 1.27687E-03  6.51864E-02
 1.27021E-03  6.41186E-02
 1.26471E-03  6.34145E-02
 1.25265E-03  6.28394E-02
 1.24167E-03  6.15639E-02
 1.22779E-03  6.03821E-02
 1.21492E-03  5.89381E-02
 1.20028E-03  5.75881E-02
 1.17435E-03  5.61017E-02
 1.15120E-03  5.34323E-02
 1.13980E-03  5.10637E-02
 1.13227E-03  4.99074E-02
 1.12053E-03  4.91657E-02
 1.10335E-03  4.80096E-02
 1.08108E-03  4.63335E-02
 1.06790E-03  4.41858E-02
 1.05233E-03  4.29353E-02
 1.03840E-03  4.14905E-02
 1.02807E-03  4.01681E-02
 1.01485E-03  3.92223E-02
 1.00510E-03  3.80119E-02
 9.94823E-04  3.71392E-02
 9.89389E-04  3.62426E-02
 9.84186E-04  3.57755E-02
 9.69055E-04  3.53368E-02
 9.49027E-04  3.40807E-02
 9.37875E-04  3.24481E-02
 9.30834E-04  3.15500E-02
 9.19584E-04  3.09999E-02
 9.13486E-04  3.01282E-02
 9.12373E-04  2.96586E-02
 9.10966E-04  2.95739E-02
 9.04268E-04  2.94671E-02
 8.91825E-04  2.89654E-02
 8.82306E-04  2.80414E-02
 8.73221E-04  2.73422E-02
 8.59301E-04  2.66907E-02
 8.48882E-04  2.57090E-02
 8.43100E-04  2.49812E-02
 8.27787E-04  2.45859E-02
 8.10214E-04  2.35697E-02
 7.97970E-04  2.24091E-02
 7.87579E-04  2.16291E-02
 7.77041E-04  2.09766E-02
 7.61296E-04  2.03323E-02
 7.52172E-04  1.93916E-02
 7.48702E-04  1.88485E-02
 7.39701E-04  1.86484E-02
 7.27462E-04  1.81345E-02
 7.13439E-04  1.74476E-02
 7.04894E-04  1.66800E-02
 7.00027E-04  1.62164E-02
 6.92754E-04  1.59598E-02
 6.88757E-04  1.55790E-02
 6.75437E-04  1.53710E-02
 6.62481E-04  1.47081E-02
 6.60715E-04  1.40514E-02
 6.57044E-04  1.39654E-02
 6.51862E-04  1.37877E-02
 6.45751E-04  1.35387E-02
 6.39373E-04  1.32486E-02
 6.36092E-04  1.29492E-02
 6.33759E-04  1.27961E-02
 6.31548E-04  1.26888E-02
 6.25599E-04  1.25868E-02
 6.18221E-04  1.23190E-02
 6.14696E-04  1.19853E-02
 6.08863E-04  1.18291E-02
 5.99591E-04  1.15742E-02
 5.88895E-04  1.11752E-02
 5.82666E-04  1.07241E-02
 5.81162E-04  1.04638E-02
 5.74765E-04  1.04021E-02
 5.62363E-04  1.01449E-02
 5.53882E-04  9.65302E-03
 5.46065E-04  9.32059E-03
 5.39867E-04  9.02610E-03
 5.38795E-04  8.79156E-03
 5.34505E-04  8.75188E-03
 5.23772E-04  8.59510E-03
 5.16383E-04  8.21085E-03
 5.12283E-04  7.94593E-03
 5.05533E-04  7.80457E-03
 5.01374E-04  7.57294E-03
 4.96104E-04  7.43178E-03
 4.90491E-04  7.25728E-03
 4.88558E-04  7.07152E-03
 4.86213E-04  7.00845E-03
 4.82429E-04  6.93285E-03
 4.78704E-04  6.81145E-03
 4.74543E-04  6.69315E-03
 4.68687E-04  6.56262E-03
 4.64494E-04  6.38181E-03
 4.59215E-04  6.25279E-03
 4.47248E-04  6.09542E-03
 4.35210E-04  5.74639E-03
 4.28937E-04  5.40241E-03
 4.25843E-04  5.22769E-03
 4.22722E-04  5.14352E-03
 4.20673E-04  5.05943E-03
 4.19927E-04  5.00448E-03
 4.18691E-04  4.98462E-03
 4.11005E-04  4.95190E-03
 3.96995E-04  4.75419E-03
 3.88404E-04  4.40091E-03
 3.85813E-04  4.18764E-03
 3.81503E-04  4.12568E-03
 3.77368E-04  4.02444E-03
 3.75141E-04  3.92752E-03
 3.72773E-04  3.87624E-03
 3.71508E-04  3.82212E-03
 3.70177E-04  3.79329E-03
 3.62546E-04  3.76333E-03
 3.55621E-04  3.59627E-03
 3.51317E-04  3.44323E-03
 3.43324E-04  3.35261E-03
 3.34360E-04  3.18713E-03
 3.26681E-04  3.00672E-03
 3.18794E-04  2.85631E-03
 3.14211E-04  2.70794E-03
 3.12055E-04  2.62186E-03
 3.09754E-04  2.58295E-03
 3.05146E-04  2.54114E-03
 2.97719E-04  2.46056E-03
 2.91719E-04  2.33115E-03
 2.84418E-04  2.22993E-03
 2.78495E-04  2.11116E-03
 2.74154E-04  2.01582E-03
 2.68182E-04  1.94871E-03
 2.59880E-04  1.85831E-03
 2.51423E-04  1.73743E-03
 2.46462E-04  1.61733E-03
 2.43346E-04  1.54897E-03
 2.38308E-04  1.50736E-03
 2.30914E-04  1.44198E-03
 2.26831E-04  1.34853E-03
 2.22367E-04  1.29727E-03
 2.16065E-04  1.24479E-03
 2.11828E-04  1.17040E-03
 2.06661E-04  1.12241E-03
 2.01643E-04  1.06576E-03
 1.95820E-04  1.01174E-03
 1.90216E-04  9.52076E-04
 1.85625E-04  8.95358E-04
 1.81164E-04  8.51121E-04
 1.76753E-04  8.08908E-04
 1.72469E-04  7.68817E-04
 1.67584E-04  7.30558E-04
 1.62878E-04  6.88974E-04
 1.59365E-04  6.49398E-04
 1.54690E-04  6.21089E-04
 1.50481E-04  5.84706E-04
 1.47479E-04  5.52481E-04
 1.43447E-04  5.30361E-04
 1.40720E-04  5.01680E-04
 1.37718E-04  4.82276E-04
 1.34961E-04  4.62230E-04
 1.34229E-04  4.43447E-04
 1.32314E-04  4.38665E-04
 1.29219E-04  4.26318E-04
 1.25703E-04  4.06748E-04
 1.22219E-04  3.85048E-04
 1.19311E-04  3.64216E-04
 1.16581E-04  3.47229E-04
 1.13923E-04  3.31844E-04
 1.11326E-04  3.17122E-04
 1.08796E-04  3.03209E-04
 1.06315E-04  2.89892E-04
 1.04938E-04  2.77260E-04
