#  app(arcsec)	 corr_250	  corr_350	  corr_500 
   0.0000000       0.0000000       0.0000000       0.0000000    
   1.0000000      1.32972440E-02  7.52010988E-03  3.47183971E-03
   2.0000000      3.93029377E-02  2.24812441E-02  1.03988871E-02
   3.0000000      7.69158080E-02  4.44441400E-02  2.07460728E-02
   4.0000000      0.12448351      7.28311688E-02  3.43843363E-02
   5.0000000      0.17968601      0.10707219      5.11322618E-02
   6.0000000      0.24014620      0.14625305      7.07670078E-02
   7.0000000      0.30362809      0.18953028      9.30698067E-02
   8.0000000      0.36798161      0.23590815      0.11782196    
   9.0000000      0.43118382      0.28433686      0.14477733    
   10.000000      0.49145317      0.33389086      0.17364801    
   11.000000      0.54711628      0.38368407      0.20415144    
   12.000000      0.59710997      0.43281326      0.23596473    
   13.000000      0.64057845      0.48042417      0.26876795    
   14.000000      0.67742717      0.52580106      0.30225325    
   15.000000      0.70795870      0.56837475      0.33610746    
   16.000000      0.73262030      0.60774785      0.37000394    
   17.000000      0.75219399      0.64360052      0.40368479    
   18.000000      0.76747769      0.67572212      0.43688107    
   19.000000      0.77929050      0.70405269      0.46933314    
   20.000000      0.78856987      0.72863412      0.50083888    
   21.000000      0.79609692      0.74963742      0.53118509    
   22.000000      0.80250829      0.76731569      0.56023771    
   23.000000      0.80837917      0.78198016      0.58786833    
   24.000000      0.81414253      0.79399067      0.61395192    
   25.000000      0.82006299      0.80374795      0.63841063    
   26.000000      0.82627732      0.81164902      0.66122615    
   27.000000      0.83282161      0.81805623      0.68235379    
   28.000000      0.83964598      0.82331979      0.70180821    
   29.000000      0.84665078      0.82776487      0.71961522    
   30.000000      0.85370225      0.83168733      0.73580557    
   31.000000      0.86065274      0.83533490      0.75043702    
   32.000000      0.86737067      0.83890599      0.76358855    
   33.000000      0.87373769      0.84253883      0.77534276    
   34.000000      0.87967128      0.84633619      0.78580672    
   35.000000      0.88511556      0.85036129      0.79508847    
   36.000000      0.89004016      0.85464078      0.80328482    
   37.000000      0.89444131      0.85917044      0.81050992    
   38.000000      0.89833272      0.86391848      0.81688255    
   39.000000      0.90174311      0.86883545      0.82250386    
   40.000000      0.90472656      0.87386423      0.82748443    
   41.000000      0.90733373      0.87894136      0.83192766    
   42.000000      0.90961772      0.88399720      0.83592039    
   43.000000      0.91163468      0.88896728      0.83955109    
   44.000000      0.91343623      0.89379108      0.84289783    
   45.000000      0.91507149      0.89842051      0.84602761    
   46.000000      0.91658491      0.90281510      0.84900248    
   47.000000      0.91801143      0.90694082      0.85187507    
   48.000000      0.91938263      0.91077501      0.85468781    
   49.000000      0.92072517      0.91430533      0.85747719    
   50.000000      0.92205971      0.91752785      0.86026859    
   51.000000      0.92340255      0.92044646      0.86308217    
   52.000000      0.92476475      0.92307156      0.86593205    
   53.000000      0.92615372      0.92541772      0.86882585    
   54.000000      0.92757380      0.92750472      0.87176621    
   55.000000      0.92902529      0.92935425      0.87475270    
   56.000000      0.93050593      0.93099010      0.87777978    
   57.000000      0.93201071      0.93243700      0.88083994    
   58.000000      0.93353295      0.93371886      0.88392335    
   59.000000      0.93506497      0.93485928      0.88701785    
   60.000000      0.93659735      0.93588138      0.89011240    
   61.000000      0.93812072      0.93680716      0.89319456    
   62.000000      0.93962538      0.93765634      0.89625013    
   63.000000      0.94110179      0.93844664      0.89926773    
   64.000000      0.94254148      0.93919384      0.90223384    
   65.000000      0.94393653      0.93991232      0.90513748    
   66.000000      0.94528043      0.94061482      0.90797037    
   67.000000      0.94656754      0.94131196      0.91072291    
   68.000000      0.94779354      0.94201297      0.91338670    
   69.000000      0.94895560      0.94272488      0.91595590    
   70.000000      0.95005292      0.94345367      0.91842520    
   71.000000      0.95108485      0.94420373      0.92078972    
   72.000000      0.95205212      0.94497836      0.92304766    
   73.000000      0.95295709      0.94577968      0.92519671    
   74.000000      0.95380235      0.94660872      0.92723703    
   75.000000      0.95459121      0.94746518      0.92917043    
   76.000000      0.95532745      0.94834810      0.93099809    
   77.000000      0.95601517      0.94925582      0.93272173    
   78.000000      0.95665884      0.95018601      0.93434495    
   79.000000      0.95726323      0.95113558      0.93587101    
   80.000000      0.95783263      0.95210135      0.93730450    
   81.000000      0.95837152      0.95307958      0.93865079    
   82.000000      0.95888388      0.95406628      0.93991446    
   83.000000      0.95937347      0.95505738      0.94110030    
   84.000000      0.95984358      0.95604891      0.94221419    
   85.000000      0.96029729      0.95703638      0.94326115    
   86.000000      0.96073711      0.95801598      0.94424701    
   87.000000      0.96116525      0.95898384      0.94517738    
   88.000000      0.96158367      0.95993626      0.94605666    
   89.000000      0.96199411      0.96086997      0.94689035    
   90.000000      0.96239775      0.96178186      0.94768405    
   91.000000      0.96279544      0.96266925      0.94844228    
   92.000000      0.96318787      0.96352977      0.94916940    
   93.000000      0.96357542      0.96436149      0.94986928    
   94.000000      0.96395832      0.96516293      0.95054591    
   95.000000      0.96433657      0.96593297      0.95120287    
   96.000000      0.96471035      0.96667087      0.95184386    
   97.000000      0.96507972      0.96737641      0.95247161    
   98.000000      0.96544456      0.96804959      0.95308846    
   99.000000      0.96580482      0.96869057      0.95369697    
   100.00000      0.96616054      0.96930015      0.95429921    
   101.00000      0.96651179      0.96987909      0.95489699    
   102.00000      0.96685845      0.97042841      0.95549172    
   103.00000      0.96720052      0.97094935      0.95608461    
   104.00000      0.96753806      0.97144324      0.95667672    
   105.00000      0.96787113      0.97191149      0.95726913    
   106.00000      0.96819979      0.97235560      0.95786226    
   107.00000      0.96852404      0.97277713      0.95845675    
   108.00000      0.96884400      0.97317761      0.95905268    
   109.00000      0.96915978      0.97355866      0.95965034    
   110.00000      0.96947157      0.97392184      0.96024972    
   111.00000      0.96977943      0.97426867      0.96085089    
   112.00000      0.97008359      0.97460073      0.96145350    
   113.00000      0.97038412      0.97491944      0.96205735    
   114.00000      0.97068125      0.97522593      0.96266198    
   115.00000      0.97097498      0.97552145      0.96326715    
   116.00000      0.97126567      0.97580713      0.96387237    
   117.00000      0.97155344      0.97608411      0.96447712    
   118.00000      0.97183836      0.97635341      0.96508104    
   119.00000      0.97212070      0.97661585      0.96568340    
   120.00000      0.97240049      0.97687215      0.96628374    
   121.00000      0.97267795      0.97712314      0.96688139    
   122.00000      0.97295308      0.97736931      0.96747583    
   123.00000      0.97322613      0.97761124      0.96806633    
   124.00000      0.97349715      0.97784942      0.96865249    
   125.00000      0.97376633      0.97808409      0.96923351    
   126.00000      0.97403353      0.97831565      0.96980900    
   127.00000      0.97429895      0.97854429      0.97037828    
   128.00000      0.97456276      0.97877020      0.97094083    
   129.00000      0.97482491      0.97899365      0.97149611    
   130.00000      0.97508556      0.97921473      0.97204363    
   131.00000      0.97534472      0.97943348      0.97258300    
   132.00000      0.97560227      0.97964996      0.97311383    
   133.00000      0.97585839      0.97986424      0.97363573    
   134.00000      0.97611296      0.98007631      0.97414827    
   135.00000      0.97636616      0.98028612      0.97465116    
   136.00000      0.97661793      0.98049390      0.97514427    
   137.00000      0.97686833      0.98069948      0.97562724    
   138.00000      0.97711718      0.98090285      0.97610009    
   139.00000      0.97736448      0.98110408      0.97656256    
   140.00000      0.97761023      0.98130322      0.97701448    
   141.00000      0.97785443      0.98150015      0.97745585    
   142.00000      0.97809708      0.98169506      0.97788662    
   143.00000      0.97833824      0.98188788      0.97830683    
   144.00000      0.97857785      0.98207861      0.97871649    
   145.00000      0.97881597      0.98226720      0.97911578    
   146.00000      0.97905248      0.98245376      0.97950453    
   147.00000      0.97928739      0.98263836      0.97988307    
   148.00000      0.97952074      0.98282093      0.98025149    
   149.00000      0.97975248      0.98300153      0.98060995    
   150.00000      0.97998261      0.98318022      0.98095858    
   151.00000      0.98021102      0.98335713      0.98129761    
   152.00000      0.98043764      0.98353237      0.98162735    
   153.00000      0.98066247      0.98370582      0.98194796    
   154.00000      0.98088545      0.98387760      0.98225957    
   155.00000      0.98110640      0.98404783      0.98256236    
   156.00000      0.98132533      0.98421645      0.98285663    
   157.00000      0.98154223      0.98438358      0.98314273    
   158.00000      0.98175710      0.98454922      0.98342085    
   159.00000      0.98196983      0.98471355      0.98369116    
   160.00000      0.98218036      0.98487633      0.98395401    
   161.00000      0.98238868      0.98503768      0.98420954    
   162.00000      0.98259479      0.98519778      0.98445809    
   163.00000      0.98279858      0.98535657      0.98469985    
   164.00000      0.98300010      0.98551404      0.98493505    
   165.00000      0.98319942      0.98567039      0.98516381    
   166.00000      0.98339635      0.98582560      0.98538643    
   167.00000      0.98359102      0.98597974      0.98560309    
   168.00000      0.98378336      0.98613280      0.98581415    
   169.00000      0.98397332      0.98628497      0.98601973    
   170.00000      0.98416102      0.98643625      0.98622018    
   171.00000      0.98434645      0.98658669      0.98641568    
   172.00000      0.98452967      0.98673636      0.98660654    
   173.00000      0.98471063      0.98688531      0.98679286    
   174.00000      0.98488933      0.98703355      0.98697495    
   175.00000      0.98506582      0.98718119      0.98715287    
   176.00000      0.98524016      0.98732823      0.98732692    
   177.00000      0.98541230      0.98747474      0.98749727    
   178.00000      0.98558229      0.98762083      0.98766410    
   179.00000      0.98575026      0.98776644      0.98782778    
   180.00000      0.98591620      0.98791164      0.98798829    
   181.00000      0.98608017      0.98805642      0.98814589    
   182.00000      0.98624223      0.98820078      0.98830068    
   183.00000      0.98640245      0.98834479      0.98845279    
   184.00000      0.98656088      0.98848850      0.98860234    
   185.00000      0.98671758      0.98863184      0.98874944    
   186.00000      0.98687261      0.98877496      0.98889434    
   187.00000      0.98702610      0.98891777      0.98903698    
   188.00000      0.98717803      0.98906028      0.98917764    
   189.00000      0.98732841      0.98920250      0.98931646    
   190.00000      0.98747736      0.98934436      0.98945349    
   191.00000      0.98762482      0.98948580      0.98958880    
   192.00000      0.98777086      0.98962700      0.98972243    
   193.00000      0.98791552      0.98976791      0.98985457    
   194.00000      0.98805887      0.98990840      0.98998529    
   195.00000      0.98820084      0.99004847      0.99011457    
   196.00000      0.98834163      0.99018806      0.99024248    
   197.00000      0.98848116      0.99032718      0.99036920    
   198.00000      0.98861945      0.99046582      0.99049467    
   199.00000      0.98875660      0.99060386      0.99061894    
   200.00000      0.98889261      0.99074137      0.99074215    
   201.00000      0.98902768      0.99087828      0.99086428    
   202.00000      0.98916173      0.99101454      0.99098527    
   203.00000      0.98929477      0.99115014      0.99110532    
   204.00000      0.98942691      0.99128509      0.99122435    
   205.00000      0.98955816      0.99141926      0.99134254    
   206.00000      0.98968858      0.99155271      0.99145985    
   207.00000      0.98981822      0.99168551      0.99157619    
   208.00000      0.98994708      0.99181753      0.99169177    
   209.00000      0.99007529      0.99194878      0.99180651    
   210.00000      0.99020272      0.99207938      0.99192041    
   211.00000      0.99032950      0.99220914      0.99203360    
   212.00000      0.99045569      0.99233824      0.99214602    
   213.00000      0.99058121      0.99246657      0.99225777    
   214.00000      0.99070615      0.99259412      0.99236876    
   215.00000      0.99083060      0.99272090      0.99247909    
   216.00000      0.99095446      0.99284685      0.99258882    
   217.00000      0.99107790      0.99297190      0.99269783    
   218.00000      0.99120086      0.99309605      0.99280626    
   219.00000      0.99132347      0.99321932      0.99291408    
   220.00000      0.99144560      0.99334162      0.99302125    
   221.00000      0.99156743      0.99346292      0.99312776    
   222.00000      0.99168879      0.99358332      0.99323380    
   223.00000      0.99180979      0.99370265      0.99333924    
   224.00000      0.99193043      0.99382102      0.99344414    
   225.00000      0.99205077      0.99393833      0.99354851    
   226.00000      0.99217081      0.99405462      0.99365228    
   227.00000      0.99229050      0.99416983      0.99375552    
   228.00000      0.99240988      0.99428403      0.99385828    
   229.00000      0.99252903      0.99439722      0.99396050    
   230.00000      0.99264801      0.99450928      0.99406230    
   231.00000      0.99276674      0.99462020      0.99416363    
   232.00000      0.99288529      0.99473011      0.99426454    
   233.00000      0.99300367      0.99483889      0.99436504    
   234.00000      0.99312180      0.99494660      0.99446505    
   235.00000      0.99323982      0.99505323      0.99456471    
   236.00000      0.99335766      0.99515873      0.99466383    
   237.00000      0.99347532      0.99526316      0.99476236    
   238.00000      0.99359274      0.99536639      0.99486047    
   239.00000      0.99370998      0.99546862      0.99495810    
   240.00000      0.99382693      0.99556965      0.99505514    
   241.00000      0.99394375      0.99566960      0.99515170    
   242.00000      0.99406022      0.99576831      0.99524772    
   243.00000      0.99417651      0.99586594      0.99534327    
   244.00000      0.99429250      0.99596250      0.99543834    
   245.00000      0.99440813      0.99605781      0.99553293    
   246.00000      0.99452347      0.99615204      0.99562705    
   247.00000      0.99463844      0.99624515      0.99572068    
   248.00000      0.99475312      0.99633712      0.99581379    
   249.00000      0.99486744      0.99642801      0.99590653    
   250.00000      0.99498141      0.99651772      0.99599868    
   251.00000      0.99509495      0.99660647      0.99609041    
   252.00000      0.99520808      0.99669409      0.99618161    
   253.00000      0.99532086      0.99678057      0.99627239    
   254.00000      0.99543321      0.99686599      0.99636281    
   255.00000      0.99554509      0.99695039      0.99645275    
   256.00000      0.99565661      0.99703377      0.99654233    
   257.00000      0.99576765      0.99711615      0.99663138    
   258.00000      0.99587822      0.99719763      0.99672008    
   259.00000      0.99598843      0.99727809      0.99680823    
   260.00000      0.99609822      0.99735767      0.99689603    
   261.00000      0.99620754      0.99743640      0.99698341    
   262.00000      0.99631643      0.99751437      0.99707025    
   263.00000      0.99642479      0.99759150      0.99715668    
   264.00000      0.99653274      0.99766779      0.99724257    
   265.00000      0.99664032      0.99774337      0.99732810    
   266.00000      0.99674737      0.99781823      0.99741310    
   267.00000      0.99685401      0.99789250      0.99749780    
   268.00000      0.99696022      0.99796605      0.99758208    
   269.00000      0.99706590      0.99803895      0.99766588    
   270.00000      0.99717116      0.99811125      0.99774933    
   271.00000      0.99727589      0.99818283      0.99783236    
   272.00000      0.99738014      0.99825388      0.99791497    
   273.00000      0.99748385      0.99832433      0.99799716    
   274.00000      0.99758708      0.99839425      0.99807894    
   275.00000      0.99768990      0.99846363      0.99816036    
   276.00000      0.99779224      0.99853253      0.99824131    
   277.00000      0.99789405      0.99860090      0.99832183    
   278.00000      0.99799544      0.99866867      0.99840200    
   279.00000      0.99809629      0.99873590      0.99848181    
   280.00000      0.99819654      0.99880266      0.99856126    
   281.00000      0.99829632      0.99886894      0.99864030    
   282.00000      0.99839562      0.99893486      0.99871898    
   283.00000      0.99849445      0.99900031      0.99879730    
   284.00000      0.99859267      0.99906534      0.99887532    
   285.00000      0.99869037      0.99913001      0.99895298    
   286.00000      0.99878746      0.99919420      0.99903029    
   287.00000      0.99888408      0.99925804      0.99910730    
   288.00000      0.99898016      0.99932146      0.99918389    
   289.00000      0.99907565      0.99938464      0.99926019    
   290.00000      0.99917060      0.99944746      0.99933606    
   291.00000      0.99926490      0.99951005      0.99941152    
   292.00000      0.99935859      0.99957222      0.99948657    
   293.00000      0.99945176      0.99963415      0.99956119    
   294.00000      0.99954444      0.99969572      0.99963540    
   295.00000      0.99963653      0.99975711      0.99970925    
   296.00000      0.99972814      0.99981821      0.99978256    
   297.00000      0.99981928      0.99987906      0.99985546    
   298.00000      0.99990994      0.99993968      0.99992800    
   299.00000       1.0000000       1.0000000       1.0000000    
