 250.87029288703 7.21299E-04   
 250.82831325301 6.12253E-04   
 250.78634766605 3.64345E-04   
 250.7443961191 4.26522E-04   
 250.70245860512 4.57041E-04   
 250.66053511706 4.19888E-04   
 250.61862564789 3.72132E-04   
 250.57673019057 3.21964E-04   
 250.53484873809 2.74654E-04   
 250.49298128342 2.30524E-04   
 250.45112781955 1.90241E-04   
 250.40928833946 1.54382E-04   
 250.36746283614 1.22323E-04   
 250.32565130261 9.50451E-05   
 250.28385373184 7.57157E-05   
 250.24207011686 5.78214E-05   
 250.20030045068 4.03876E-05   
 250.1585447263 3.26075E-05   
 250.11680293676 2.3568E-05   
 250.07507507508 1.62746E-05   
 250.03336113428 1.02928E-05   
 249.9916611074 8.87438E-06   
 249.94997498749 6.71275E-06   
 249.90830276759 4.91758E-06   
 249.86664444074 3.48145E-06   
 249.825 2.36948E-06   
 249.78336943843 1.54319E-06   
 249.74175274908 9.57908E-07   
 249.70014992504 5.64469E-07   
 249.65856095936 3.14196E-07   
 249.61698584513 1.63063E-07   
 249.57542457542 7.99557E-08   
 249.53387714333 3.71562E-08   
 249.49234354194 1.57246E-08   
 249.45082376435 6.03462E-09   
 249.40931780366 2.06308E-09   
 249.36782565297 6.68316E-10   
 249.32634730539 1.85349E-10   
 249.28488275403 4.4371E-11   
 249.24343199202 8.99489E-12   
 249.20199501247 1.50705E-12   
 249.16057180851 2.02539E-13   
 249.11916237328 2.10165E-14   
 249.0777666999 1.53069E-15   
 249.03638478153 8.73884E-17   
 248.9950166113 3.25469E-18   
 248.95366218236 7.362E-20   
 248.91232148788 9.1465E-22   
 248.870994521 5.79947E-24   
 248.8296812749 1.65714E-26   
 248.78838174274 1.70169E-29   
 248.74709591769 5.06612E-33   
 248.70582379293 2.69917E-37   
 248.66456536165 3.75548E-42   
 248.62332061702 0   
 248.58208955224 0   
 248.5408721605 0   
 248.49966843501 0   
 248.45847836897 0   
 248.41730195559 0   
 248.37613918807 0   
 248.33499005964 0   
 248.29385456352 0   
 248.25273269294 0   
 248.21162444113 0   
 248.17052980132 0   
 248.12944876676 0   
 248.08838133069 0   
 248.04732748635 0   
 248.006287227 0   
 247.96526054591 0   
 247.92424743632 0   
 247.88324789152 0   
 247.84226190476 1.68156E-44   
 247.80128946933 1.86196E-39   
 247.76033057851 6.69924E-35   
 247.71938522558 3.49163E-31   
 247.67845340383 3.73837E-28   
 247.63753510656 2.39112E-25   
 247.59663032706 4.96865E-23   
 247.55573905863 4.41849E-21   
 247.51486129458 2.60895E-19   
 247.47399702823 6.51052E-18   
 247.43314625289 1.53617E-16   
 247.39230896187 1.45756E-15   
 247.35148514851 1.93668E-14   
 247.31067480614 1.38939E-13   
 247.26987792808 1.01188E-12   
 247.22909450767 3.29997E-12   
 247.18832453826 1.81993E-11   
 247.14756801319 6.46603E-11   
 247.10682492582 1.81905E-10   
 247.06609526949 4.15894E-10   
 247.02537903757 9.40172E-10   
 246.98467622343 1.62523E-09   
 246.94398682043 1.58722E-09   
 246.90331082194 8.55284E-10   
 246.86264822134 1.08932E-08   
 246.82199901202 5.60078E-08   
 246.78136318736 1.21578E-07   
 246.74074074074 2.18964E-07   
 246.70013166557 3.59065E-07   
 246.65953595524 5.52368E-07   
 246.61895360316 8.07607E-07   
 246.57838460273 1.12479E-06   
 246.53782894737 1.51966E-06   
 246.49728663049 1.97186E-06   
 246.45675764551 2.46932E-06   
 246.41624198586 3.01404E-06   
 246.37573964497 3.56434E-06   
 246.33525061627 4.12228E-06   
 246.2947748932 4.63177E-06   
 246.2543124692 5.24786E-06   
 246.21386333771 5.8358E-06   
 246.1734274922 6.33195E-06   
 246.13300492611 6.71235E-06   
 246.0925956329 6.95009E-06   
 246.05219960604 7.02184E-06   
 246.011816839 6.93145E-06   
 245.97144732524 6.67475E-06   
 245.93109105824 6.26179E-06   
 245.8907480315 5.71602E-06   
 245.85041823848 5.07375E-06   
 245.81010167268 4.3734E-06   
 245.76979832759 3.65867E-06   
 245.72950819672 2.97036E-06   
 245.68923127356 2.28675E-06   
 245.64896755162 1.2588E-06   
 245.60871702441 1.177E-06   
 245.56847968545 1.07811E-06   
 245.52825552826 8.07373E-07   
 245.48804454635 5.68464E-07   
 245.44784673326 3.77279E-07   
 245.40766208251 2.38375E-07   
 245.36749058766 1.4186E-07   
 245.32733224223 7.86255E-08   
 245.28718703976 3.63545E-08   
 245.24705497382 2.09455E-08   
 245.20693603795 1.00249E-08   
 245.16683022571 4.39049E-09   
 245.12673753066 1.73054E-09   
 245.08665794637 6.11705E-10   
 245.04659146641 1.92428E-10   
 245.00653808434 5.28565E-11   
 244.96649779376 1.24641E-11   
 244.92647058824 2.46905E-12   
 244.88645646136 4.00366E-13   
 244.84645540673 5.15746E-14   
 244.80646741793 5.08142E-15   
 244.76649248857 3.66435E-16   
 244.72653061224 1.83225E-17   
 244.68658178257 5.96828E-19   
 244.64664599315 1.16832E-20   
 244.6067232376 1.2496E-22   
 244.56681350954 6.49697E-25   
 244.52691680261 1.42314E-27   
 244.48703311042 1.10259E-30   
 244.44716242661 2.44039E-34   
 244.40730474482 1.1966E-38   
 244.36746005869 9.52883E-44   
 244.32762836186 0   
 244.28780964798 0   
 244.24800391071 0   
 244.2082111437 0   
 244.16843134061 0   
 244.12866449511 0   
 244.08891060088 0   
 244.04916965158 0   
 244.00944164089 0   
 243.9697265625 0   
 243.93002441009 0   
 243.89033517735 0   
 243.85065885798 0   
 243.81099544567 0   
 243.77134493414 0   
 243.73170731707 0   
 243.6920825882 0   
 243.65247074122 0   
 243.61287176987 0   
 243.57328566786 2.36819E-43   
 243.53371242892 3.40062E-38   
 243.49415204678 6.71278E-34   
 243.45460451519 2.91992E-30   
 243.41506982787 3.66754E-27   
 243.37554797857 1.66578E-24   
 243.33603896104 3.22279E-22   
 243.29654276903 3.05922E-20   
 243.2570593963 1.61147E-18   
 243.21758883661 5.07549E-17   
 243.17813108371 1.07141E-15   
 243.13868613139 1.53869E-14   
 243.0992539734 1.67295E-13   
 243.05983460353 1.37377E-12   
 243.02042801556 9.0089E-12   
 242.98103420327 4.89377E-11   
 242.94165316045 2.22931E-10   
 242.90228488089 8.73927E-10   
 242.86292935839 3.0073E-09   
 242.82358658675 9.16411E-09   
 242.78425655977 2.52668E-08   
 242.74493927126 6.4434E-08   
 242.70563471503 1.52669E-07   
 242.6663428849 3.40557E-07   
 242.62706377468 7.02445E-07   
 242.58779737822 1.36343E-06   
 242.54854368932 2.53028E-06   
 242.50930270183 4.4708E-06   
 242.47007440958 7.57666E-06   
 242.4308588064 1.23657E-05   
 242.39165588616 1.95018E-05   
 242.35246564268 2.97897E-05   
 242.31328806984 4.4083E-05   
 242.27412316147 6.39905E-05   
 242.23497091144 9.09793E-05   
 242.19583131362 1.26145E-04   
 242.15670436187 1.71373E-04   
 242.11759005007 2.28547E-04   
 242.07848837209 2.99638E-04   
 242.03939932181 3.86644E-04   
 242.00032289312 4.91372E-04   
 241.9612590799 6.13715E-04   
 241.92220787605 7.50767E-04   
 241.88316927546 9.34954E-04   
 241.84414327202 1.13333E-03   
 241.80512985965 1.35484E-03   
 241.76612903226 1.61579E-03   
 241.72714078374 1.92103E-03   
 241.68816510803 2.25816E-03   
 241.64920199903 2.61315E-03   
 241.61025145068 3.04495E-03   
 241.57131345689 3.49842E-03   
 241.5323880116 3.99098E-03   
 241.49347510875 4.53002E-03   
 241.45457474227 5.11013E-03   
 241.4156869061 5.73372E-03   
 241.3768115942 6.40077E-03   
 241.33794880052 7.10677E-03   
 241.299098519 7.86026E-03   
 241.2602607436 8.67147E-03   
 241.2214354683 9.51868E-03   
 241.18262268705 0.010408   
 241.14382239382 0.0113391   
 241.1050345826 0.0123106   
 241.06625924735 0.0133204   
 241.02749638205 0.0143623   
 240.98874598071 0.0154415   
 240.95000803729 0.0165378   
 240.91128254581 0.0176482   
 240.87256950024 0.0187463   
 240.8338688946 0.0198112   
 240.79518072289 0.0206824   
 240.75650497912 0.0209489   
 240.7178416573 0.0181189   
 240.67919075145 0.0158365   
 240.64055225558 0.0241893   
 240.60192616372 0.0271401   
 240.56331246991 0.0292009   
 240.52471116816 0.0309   
 240.48612225253 0.0325735   
 240.44754571704 0.0344147   
 240.40898155573 0.0361052   
 240.37042976267 0.0377651   
 240.33189033189 0.0393413   
 240.29336325745 0.0403439   
 240.25484853342 0.0427345   
 240.21634615385 0.0444647   
 240.1778561128 0.0460988   
 240.13937840436 0.0469379   
 240.10091302259 0.0494239   
 240.06245996156 0.0510249   
 240.02401921537 0.0523169   
 239.9855907781 0.0524553   
 239.94717464383 0.0385239   
 239.90877080666 0.0554535   
 239.87037926068 0.0593074   
 239.832 0.0616376   
 239.79363301872 0.0636653   
 239.75527831094 0.0655311   
 239.71693587078 0.0674102   
 239.67860569236 0.0691859   
 239.64028776978 0.0708518   
 239.60198209719 0.0722482   
 239.56368866869 0.0718154   
 239.52540747843 0.075262   
 239.48713852053 0.0775946   
 239.44888178914 0.0792904   
 239.41063727839 0.080552   
 239.37240498243 0.0809106   
 239.33418489542 0.0774581   
 239.29597701149 0.0573921   
 239.25778132482 0.0835956   
 239.21959782956 0.0885959   
 239.18142651987 0.0908538   
 239.14326738992 0.0937386   
 239.10512043388 0.09581   
 239.06698564593 0.0975378   
 239.02886302025 0.0978771   
 238.99075255102 0.100647   
 238.95265423242 0.102541   
 238.91456805865 0.103885   
 238.8764940239 0.104763   
 238.83843212237 0.104826   
 238.80038234826 0.103216   
 238.76234469576 0.0966002   
 238.7243191591 0.0601262   
 238.68630573248 0.0815335   
 238.64830441013 0.104946   
 238.61031518625 0.11285   
 238.57233805507 0.117426   
 238.53437301082 0.120547   
 238.49642004773 0.12322   
 238.45847916004 0.125375   
 238.42055034198 0.127539   
 238.38263358779 0.129435   
 238.34472889172 0.131117   
 238.30683624801 0.132743   
 238.26895565093 0.133679   
 238.23108709472 0.134856   
 238.19323057365 0.137659   
 238.15538608198 0.139637   
 238.11755361398 0.141287   
 238.07973316391 0.142753   
 238.04192472606 0.143787   
 238.0041282947 0.1456   
 237.96634386411 0.145826   
 237.92857142857 0.143773   
 237.89081098238 0.150089   
 237.85306251983 0.151894   
 237.81532603522 0.152709   
 237.77760152284 0.154307   
 237.739888977 0.156559   
 237.70218839201 0.158144   
 237.66449976217 0.159609   
 237.6268230818 0.161034   
 237.58915834522 0.162351   
 237.55150554675 0.163785   
 237.51386468072 0.165163   
 237.47623574144 0.166474   
 237.43861872327 0.167739   
 237.40101362053 0.168954   
 237.36342042755 0.170113   
 237.3258391387 0.1712   
 237.2882697483 0.172191   
 237.25071225071 0.173018   
 237.21316664029 0.173611   
 237.17563291139 0.173982   
 237.13811105838 0.173244   
 237.10060107561 0.170906   
 237.06310295746 0.165267   
 237.02561669829 0.103977   
 236.98814229249 0.161963   
 236.95067973443 0.174289   
 236.91322901849 0.178362   
 236.87579013906 0.180399   
 236.83836309054 0.181568   
 236.8009478673 0.182198   
 236.76354446375 0.182369   
 236.72615287429 0.18215   
 236.68877309332 0.180814   
 236.65140511525 0.180498   
 236.61404893449 0.177824   
 236.57670454545 0.18195   
 236.53937194256 0.184823   
 236.50205112023 0.187373   
 236.46474207288 0.189855   
 236.42744479495 0.191831   
 236.39015928087 0.193513   
 236.35288552507 0.194938   
 236.31562352199 0.19612   
 236.27837326608 0.197052   
 236.24113475177 0.197698   
 236.20390797353 0.197855   
 236.16669292579 0.19772   
 236.12948960302 0.196715   
 236.09229799969 0.194834   
 236.05511811024 0.189001   
 236.01794992914 0.16917   
 235.98079345088 0.0488725   
 235.94364866992 0.174909   
 235.90651558074 0.192369   
 235.86939417781 0.198509   
 235.83228445563 0.201479   
 235.79518640868 0.202845   
 235.75810003146 0.204155   
 235.72102531845 0.204727   
 235.68396226415 0.204951   
 235.64691086307 0.204707   
 235.60987110971 0.204502   
 235.57284299859 0.202842   
 235.5358265242 0.20282   
 235.49882168107 0.202577   
 235.46182846371 0.201557   
 235.42484686666 0.200174   
 235.38787688442 0.198427   
 235.35091851154 0.19596   
 235.31397174254 0.193826   
 235.27703657197 0.191174   
 235.24011299435 0.187884   
 235.20320100424 0.183969   
 235.16630059617 0.179513   
 235.12941176471 0.174279   
 235.09253450439 0.16821   
 235.05566880979 0.161196   
 235.01881467545 0.153112   
 234.98197209594 0.143786   
 234.94514106583 0.133255   
 234.90832157969 0.121408   
 234.87151363209 0.108205   
 234.83471721761 0.0937877   
 234.79793233083 0.0784947   
 234.76115896633 0.0628852   
 234.7243971187 0.0474491   
 234.68764678253 0.0342776   
 234.65090795241 0.0230527   
 234.61418062295 0.0154711   
 234.57746478873 0.0106858   
 234.54076044437 7.65892E-03   
 234.50406758448 8.88344E-03   
 234.46738620366 0.0129325   
 234.43071629653 0.0197918   
 234.3940578577 0.0300164   
 234.3574108818 0.043287   
 234.32077536345 0.0580207   
 234.28415129728 0.0751025   
 234.24753867792 0.0916025   
 234.2109375 0.106954   
 234.17434775816 0.120439   
 234.13776944705 0.131263   
 234.1012025613 0.137528   
 234.06464709557 0.132021   
 234.0281030445 0.0715315   
 233.99157040275 0.130654   
 233.95504916498 0.166937   
 233.91853932584 0.182197   
 233.88204088001 0.190557   
 233.84555382215 0.164984   
 233.80907814693 0.203903   
 233.77261384903 0.210438   
 233.73616092312 0.216586   
 233.69971936389 0.220791   
 233.66328916602 0.224423   
 233.62687032419 0.222119   
 233.5904628331 0.230905   
 233.55406668744 0.233722   
 233.51768188191 0.235894   
 233.48130841121 0.232459   
 233.44494627005 0.240022   
 233.40859545313 0.241915   
 233.37225595516 0.24329   
 233.33592777086 0.243325   
 233.29961089494 0.243027   
 233.26330532213 0.244204   
 233.22701104714 0.244615   
 233.19072806472 0.249143   
 233.15445636958 0.250274   
 233.11819595645 0.251006   
 233.08194682009 0.251452   
 233.04570895522 0.251563   
 233.0094823566 0.251021   
 232.97326701896 0.249946   
 232.93706293706 0.246371   
 232.90087010566 0.23206   
 232.8646885195 0.194421   
 232.82851817335 0.242025   
 232.79235906197 0.248766   
 232.75621118012 0.250097   
 232.72007452259 0.250027   
 232.68394908414 0.252077   
 232.64783485954 0.252187   
 232.61173184358 0.251746   
 232.57564003103 0.250649   
 232.53955941669 0.249743   
 232.50348999535 0.2477   
 232.46743176179 0.245252   
 232.43138471081 0.245145   
 232.39534883721 0.243218   
 232.35932413579 0.240725   
 232.32331060136 0.237748   
 232.28730822873 0.233975   
 232.25131701271 0.224573   
 232.2153369481 0.226203   
 232.17936802974 0.222291   
 232.14341025244 0.217691   
 232.10746361103 0.211843   
 232.07152810033 0.211707   
 232.03560371517 0.211161   
 231.99969045039 0.209586   
 231.96378830084 0.202877   
 231.92789726133 0.205451   
 231.89201732673 0.202751   
 231.85614849188 0.198981   
 231.82029075162 0.193984   
 231.78444410082 0.18772   
 231.74860853432 0.180227   
 231.71278404699 0.171407   
 231.67697063369 0.161188   
 231.64116828929 0.149498   
 231.60537700865 0.136267   
 231.56959678665 0.120601   
 231.53382761816 0.1054   
 231.49806949807 0.087885   
 231.46232242125 0.0671794   
 231.42658638258 0.023048   
 231.39086137697 0.0397793   
 231.35514739929 0.0342779   
 231.31944444444 0.0270281   
 231.28375250733 0.0214488   
 231.24807158284 0.0139693   
 231.2124016659 0.0208784   
 231.17674275139 0.0262565   
 231.14109483423 0.0339313   
 231.10545790934 0.0439554   
 231.06983197164 0.055853   
 231.03421701603 0.0688056   
 230.99861303745 0.0797073   
 230.96302003082 0.0977464   
 230.92743799106 0.113245   
 230.89186691312 0.128048   
 230.85630679193 0.142173   
 230.82075762242 0.153742   
 230.78521939954 0.16735   
 230.74969211823 0.1786   
 230.71417577343 0.188558   
 230.67867036011 0.197427   
 230.64317587321 0.205316   
 230.60769230769 0.212321   
 230.57221965851 0.218528   
 230.53675792064 0.223973   
 230.50130708904 0.228854   
 230.46586715867 0.233135   
 230.43043812452 0.235139   
 230.39501998156 0.240438   
 230.35961272476 0.243584   
 230.32421634911 0.246303   
 230.28883084959 0.248688   
 230.2534562212 0.250779   
 230.21809245892 0.252607   
 230.18273955774 0.254192   
 230.14739751267 0.255553   
 230.1120663187 0.256703   
 230.07674597084 0.257651   
 230.04143646409 0.258405   
 230.00613779346 0.258951   
 229.97084995397 0.2594   
 229.93557294064 0.259651   
 229.90030674847 0.259679   
 229.86505137249 0.259438   
 229.82980680773 0.258764   
 229.79457304921 0.255368   
 229.75935009197 0.256548   
 229.72413793103 0.253913   
 229.68893656145 0.252086   
 229.65374597824 0.250323   
 229.61856617647 0.245329   
 229.58339715117 0.235279   
 229.5482388974 0.208817   
 229.5130914102 0.0602919   
 229.47795468463 0.192679   
 229.44282871575 0.222725   
 229.40771349862 0.228879   
 229.37260902831 0.225941   
 229.33751529988 0.226074   
 229.3024323084 0.219367   
 229.26736004894 0.21367   
 229.23229851659 0.207475   
 229.19724770642 0.203089   
 229.16220761351 0.207562   
 229.12717823296 0.214161   
 229.09215955983 0.220251   
 229.05715158924 0.225418   
 229.02215431627 0.229333   
 228.98716773602 0.232028   
 228.95219184359 0.23367   
 228.91722663409 0.234434   
 228.88227210261 0.234423   
 228.84732824427 0.233546   
 228.81239505419 0.230559   
 228.77747252747 0.22961   
 228.74256065924 0.226232   
 228.70765944461 0.228722   
 228.67276887872 0.226771   
 228.63788895668 0.225031   
 228.60301967363 0.222264   
 228.5681610247 0.220111   
 228.53331300503 0.217346   
 228.49847560976 0.214343   
 228.46364883402 0.211092   
 228.42883267297 0.207544   
 228.39402712174 0.20411   
 228.3592321755 0.200305   
 228.3244478294 0.19627   
 228.28967407859 0.192008   
 228.25491091823 0.187491   
 228.22015834348 0.182779   
 228.18541634952 0.177795   
 228.15068493151 0.172463   
 228.11596408461 0.166679   
 228.08125380402 0.160907   
 228.04655408489 0.154422   
 228.01186492242 0.148073   
 227.97718631179 0.14297   
 227.94251824818 0.136611   
 227.90786072678 0.129846   
 227.87321374278 0.122782   
 227.83857729138 0.115456   
 227.80395136778 0.107894   
 227.76933596718 0.100117   
 227.73473108478 0.0921379   
 227.70013671578 0.0839816   
 227.66555285541 0.0756245   
 227.63097949886 0.0668627   
 227.59641664136 0.0563885   
 227.56186427812 0.041838   
 227.52732240437 0.043258   
 227.49279101533 0.0370204   
 227.45827010622 0.0306137   
 227.42375967228 0.0244976   
 227.38925970874 0.018848   
 227.35477021083 0.0140163   
 227.32029117379 9.90155E-03   
 227.28582259287 6.58707E-03   
 227.25136446331 4.06798E-03   
 227.21691678035 2.27465E-03   
 227.18247953925 1.06877E-03   
 227.14805273526 3.84051E-04   
 227.11363636364 8.77979E-05   
 227.07923041963 6.07093E-05   
 227.04483489852 1.79867E-05   
 227.01044979555 3.6793E-06   
 226.976075106 5.32138E-07   
 226.94171082513 5.31484E-08   
 226.90735694823 3.65781E-09   
 226.87301347056 1.86064E-10   
 226.83868038741 8.21919E-12   
 226.80435769405 4.04016E-13   
 226.77004538578 1.49415E-14   
 226.73574345787 5.8687E-14   
 226.70145190563 1.11267E-12   
 226.66717072433 2.3856E-11   
 226.63289990928 5.20278E-10   
 226.59863945578 9.42744E-09   
 226.56438935913 1.21209E-07   
 226.53014961463 1.07595E-06   
 226.49592021759 6.72489E-06   
 226.46170116332 3.08672E-05   
 226.42749244713 1.08402E-04   
 226.39329406434 3.11762E-04   
 226.35910601027 7.46478E-04   
 226.32492828024 1.54476E-03   
 226.29076086957 2.84139E-03   
 226.25660377358 4.76719E-03   
 226.22245698762 7.32793E-03   
 226.18832050702 0.0109674   
 226.1541943271 0.0152903   
 226.1200784432 0.020362   
 226.08597285068 0.0261162   
 226.05187754487 0.0324635   
 226.01779252111 0.0393012   
 225.98371777476 0.0465218   
 225.94965330118 0.0540183   
 225.9155990957 0.061686   
 225.88155515371 0.0694153   
 225.84752147054 0.0770325   
 225.81349804158 0.0814108   
 225.77948486218 0.0922156   
 225.74548192771 0.0997055   
 225.71148923355 0.106562   
 225.67750677507 0.113649   
 225.64353454764 0.121231   
 225.60957254666 0.128347   
 225.57562076749 0.135305   
 225.54167920554 0.14176   
 225.50774785618 0.147687   
 225.4738267148 0.153309   
 225.43991577681 0.156609   
 225.40601503759 0.162331   
 225.37212449256 0.168382   
 225.3382441371 0.172499   
 225.30437396663 0.174366   
 225.27051397656 0.176249   
 225.23666416228 0.173015   
 225.20282451923 0.152325   
 225.16899504281 0.0344334   
 225.13517572845 0.164367   
 225.10136657156 0.188357   
 225.06756756757 0.199107   
 225.03377871191 0.20583   
 225 0.211042   
 224.96623142729 0.212508   
 224.9324729892 0.219629   
 224.89872468117 0.223474   
 224.86498649865 0.226869   
 224.83125843708 0.229992   
 224.7975404919 0.232846   
 224.76383265857 0.235478   
 224.73013493253 0.237895   
 224.69644730925 0.239884   
 224.66276978417 0.242003   
 224.62910235276 0.243955   
 224.59544501049 0.245473   
 224.56179775281 0.246665   
 224.52816057519 0.247504   
 224.49453347312 0.246463   
 224.46091644205 0.249432   
 224.42730947747 0.252922   
 224.39371257485 0.254924   
 224.36012572968 0.25647   
 224.32654893744 0.258452   
 224.29298219363 0.259953   
 224.25942549372 0.261269   
 224.22587883321 0.262438   
 224.1923422076 0.263483   
 224.15881561238 0.264418   
 224.12529904306 0.265247   
 224.09179249514 0.265973   
 224.05829596413 0.266592   
 224.02480944552 0.267098   
 223.99133293485 0.267479   
 223.95786642761 0.267719   
 223.92440991933 0.267791   
 223.89096340553 0.267638   
 223.85752688172 0.266807   
 223.82410034344 0.26664   
 223.7906837862 0.265609   
 223.75727720555 0.26223   
 223.72388059701 0.261773   
 223.69049395613 0.261986   
 223.65711727842 0.260778   
 223.62375055945 0.259388   
 223.59039379475 0.258668   
 223.55704697987 0.260517   
 223.52371011035 0.262097   
 223.49038318175 0.263575   
 223.45706618962 0.264525   
 223.42375912953 0.265432   
 223.39046199702 0.265315   
 223.35717478766 0.263633   
 223.32389749702 0.256586   
 223.29063012066 0.182461   
 223.25737265416 0.256794   
 223.22412509308 0.260136   
 223.190887433 0.260904   
 223.1576596695 0.259214   
 223.12444179815 0.255872   
 223.09123381456 0.251019   
 223.05803571429 0.244417   
 223.02484749293 0.236246   
 222.99166914609 0.22516   
 222.95850066934 0.191267   
 222.9253420583 0.206533   
 222.89219330855 0.188064   
 222.8590544157 0.139487   
 222.82592537535 0.223198   
 222.79280618312 0.24302   
 222.7596968346 0.252696   
 222.72659732541 0.25653   
 222.69350765117 0.263332   
 222.66042780749 0.266694   
 222.62735778999 0.269115   
 222.5942975943 0.270892   
 222.56124721604 0.272219   
 222.52820665083 0.273204   
 222.49517589431 0.273902   
 222.46215494212 0.274284   
 222.42914378988 0.273571   
 222.39614243323 0.274221   
 222.36315086782 0.275064   
 222.33016908929 0.274149   
 222.29719709328 0.274776   
 222.26423487544 0.275393   
 222.23128243143 0.275402   
 222.19833975689 0.275238   
 222.16540684749 0.274981   
 222.13248369887 0.274848   
 222.09957030671 0.274565   
 222.06666666667 0.274218   
 222.0337727744 0.273816   
 222.00088862559 0.273361   
 221.9680142159 0.27285   
 221.93514954101 0.272281   
 221.9022945966 0.271647   
 221.86944937833 0.270942   
 221.8366138819 0.270158   
 221.80378810299 0.269278   
 221.77097203728 0.268272   
 221.73816568047 0.267115   
 221.70536902825 0.265974   
 221.67258207631 0.264444   
 221.63980482035 0.262867   
 221.60703725606 0.261089   
 221.57427937916 0.25969   
 221.54153118534 0.257758   
 221.50879267031 0.255729   
 221.47606382979 0.25369   
 221.44334465948 0.24961   
 221.4106351551 0.250396   
 221.37793531236 0.253445   
 221.34524512699 0.254188   
 221.31256459471 0.254656   
 221.27989371125 0.254719   
 221.24723247232 0.254791   
 221.21458087367 0.25449   
 221.18193891102 0.25361   
 221.14930658011 0.251945   
 221.11668387668 0.248946   
 221.08407079646 0.243158   
 221.0514673352 0.229706   
 221.01887348865 0.182191   
 220.98628925254 0.128075   
 220.95371462264 0.219266   
 220.92114959469 0.238159   
 220.88859416446 0.245002   
 220.85604832769 0.247941   
 220.82351208014 0.246948   
 220.79098541759 0.250021   
 220.75846833579 0.250574   
 220.72596083051 0.250608   
 220.69346289753 0.250403   
 220.66097453261 0.250044   
 220.62849573153 0.249574   
 220.59602649007 0.24902   
 220.563566804 0.24839   
 220.53111666912 0.247583   
 220.4986760812 0.246963   
 220.46624503603 0.246203   
 220.43382352941 0.245346   
 220.40141155712 0.244346   
 220.36900911497 0.242896   
 220.33661619874 0.239157   
 220.30423280423 0.239784   
 220.27185892726 0.237694   
 220.23949456362 0.239181   
 220.20713970912 0.239031   
 220.17479435958 0.238284   
 220.14245851079 0.237365   
 220.11013215859 0.236334   
 220.07781529878 0.235186   
 220.04550792719 0.233863   
 220.01321003963 0.232201   
 219.98092163193 0.229654   
 219.94864269993 0.223175   
 219.91637323944 0.193052   
 219.8841132463 0.223558   
 219.85186271634 0.226022   
 219.8196216454 0.22618   
 219.78739002933 0.225636   
 219.75516786395 0.224698   
 219.72295514512 0.223603   
 219.69075186868 0.222471   
 219.65855803048 0.220914   
 219.62637362637 0.218676   
 219.59419865221 0.21806   
 219.56203310385 0.217949   
 219.52987697715 0.217144   
 219.49773026797 0.216093   
 219.46559297218 0.214901   
 219.43346508564 0.213638   
 219.40134660422 0.212313   
 219.36923752378 0.210903   
 219.33713784021 0.209449   
 219.30504754938 0.207771   
 219.27296664716 0.206155   
 219.24089512944 0.204774   
 219.2088329921 0.203128   
 219.17678023103 0.20137   
 219.14473684211 0.199586   
 219.11270282122 0.195941   
 219.08067816428 0.19567   
 219.04866286716 0.192943   
 219.01665692577 0.186503   
 218.98466033601 0.17833   
 218.95267309378 0.137174   
 218.92069519498 0.146104   
 218.88872663551 0.176316   
 218.8567674113 0.182252   
 218.82481751825 0.184154   
 218.79287695227 0.184522   
 218.76094570928 0.184078   
 218.7290237852 0.182733   
 218.69711117596 0.182107   
 218.66520787746 0.180921   
 218.63331388565 0.17978   
 218.60142919644 0.178429   
 218.56955380577 0.177049   
 218.53768770958 0.175595   
 218.50583090379 0.173997   
 218.47398338435 0.172286   
 218.44214514719 0.170755   
 218.41031618826 0.169369   
 218.3784965035 0.167446   
 218.34668608886 0.165415   
 218.31488494029 0.164632   
 218.28309305374 0.163121   
 218.25131042516 0.161554   
 218.21953705052 0.159825   
 218.18777292576 0.157904   
 218.15601804686 0.156568   
 218.12427240978 0.154889   
 218.09253601048 0.153203   
 218.06080884492 0.151362   
 218.02909090909 0.1494   
 217.99738219895 0.147752   
 217.96568271048 0.146099   
 217.93399243966 0.144008   
 217.90231138247 0.142411   
 217.87063953488 0.140632   
 217.83897689289 0.138715   
 217.80732345248 0.136691   
 217.77567920965 0.134466   
 217.74404416037 0.131903   
 217.71241830065 0.128967   
 217.68080162649 0.122955   
 217.64919413388 0.0944344   
 217.61759581882 0.116068   
 217.58600667731 0.120544   
 217.55442670537 0.120411   
 217.522855899 0.119431   
 217.49129425421 0.117859   
 217.45974176701 0.115845   
 217.42819843342 0.113501   
 217.39666424946 0.111577   
 217.36513921114 0.10915   
 217.33362331448 0.102991   
 217.30211655552 0.100604   
 217.27061893028 0.102109   
 217.23913043478 0.101881   
 217.20765106506 0.100297   
 217.17618081715 0.0982237   
 217.14471968709 0.0958449   
 217.11326767092 0.0930086   
 217.08182476466 0.0894505   
 217.05039096438 0.0851946   
 217.01896626611 0.0767472   
 216.98755066589 0.0455339   
 216.95614415979 0.0588525   
 216.92474674385 0.0716968   
 216.89335841412 0.0749342   
 216.86197916667 0.0763948   
 216.83060899754 0.0758254   
 216.79924790281 0.0746438   
 216.76789587852 0.0731736   
 216.73655292076 0.0714939   
 216.70521902559 0.0696076   
 216.67389418907 0.0676714   
 216.64257840728 0.064959   
 216.6112716763 0.0635626   
 216.5799739922 0.0615562   
 216.54868535105 0.0593927   
 216.51740574895 0.057141   
 216.48613518198 0.0547591   
 216.45487364621 0.0502729   
 216.42362113774 0.0493688   
 216.39237765266 0.046796   
 216.36114318707 0.0422396   
 216.32991773705 0.0442761   
 216.2987012987 0.044612   
 216.26749386813 0.0439011   
 216.23629544143 0.0412787   
 216.20510601471 0.0417619   
 216.17392558408 0.0405462   
 216.14275414564 0.0391899   
 216.1115916955 0.0377306   
 216.08043822978 0.0356018   
 216.04929374459 0.0348081   
 216.01815823606 0.0335039   
 215.98703170029 0.0320919   
 215.95591413341 0.030646   
 215.92480553155 0.0291034   
 215.89370589083 0.0266125   
 215.86261520737 0.0264002   
 215.83153347732 0.0251046   
 215.8004606968 0.0237331   
 215.76939686195 0.0220802   
 215.73834196891 0.0207281   
 215.70729601381 0.0196743   
 215.67625899281 0.0182416   
 215.64523090203 0.0164015   
 215.61421173763 0.0139386   
 215.58320149576 8.18616E-03   
 215.55220017256 9.33622E-03   
 215.5212077642 0.0119383   
 215.49022426682 0.0117269   
 215.45924967658 0.0112145   
 215.42828398965 0.0106593   
 215.39732720218 9.88325E-03   
 215.36637931034 8.84914E-03   
 215.3354403103 7.34026E-03   
 215.30451019822 7.6578E-03   
 215.27358897027 7.013E-03   
 215.24267662263 5.35052E-03   
 215.21177315147 5.81539E-03   
 215.18087855297 5.28396E-03   
 215.14999282331 4.43681E-03   
 215.11911595867 4.23854E-03   
 215.08824795523 3.82152E-03   
 215.05738880918 3.1643E-03   
 215.02653851671 2.92037E-03   
 214.99569707401 2.46064E-03   
 214.96486447727 1.10003E-03   
 214.93404072268 1.65031E-03   
 214.90322580645 1.62056E-03   
 214.87241972477 1.4593E-03   
 214.84162247384 1.28599E-03   
 214.81083404987 1.03334E-03   
 214.78005444906 9.29987E-04   
 214.74928366762 7.14854E-04   
 214.71852170176 6.3311E-04   
 214.68776854769 5.07908E-04   
 214.65702420163 3.63816E-04   
 214.62628865979 3.31007E-04   
 214.5955619184 2.44048E-04   
 214.56484397366 1.27379E-04   
 214.53413482181 9.70507E-05   
 214.50343445907 6.68138E-05   
 214.47274288167 3.71907E-05   
 214.44206008584 3.50034E-05   
 214.4113860678 1.32469E-05   
 214.3807208238 3.4023E-06   
 214.35006435006 1.74423E-06   
 214.31941664284 1.72588E-05   
 214.28877769836 1.76414E-05   
 214.25814751286 1.42401E-05   
 214.22752608261 1.05521E-05   
 214.19691340383 7.44161E-06   
 214.16630947278 5.05363E-06   
 214.13571428571 3.31509E-06   
 214.10512783888 2.10844E-06   
 214.07455012853 1.2942E-06   
 214.04398115094 7.65923E-07   
 214.01342090234 4.38187E-07   
 213.98286937902 2.39672E-07   
 213.95232657722 1.25072E-07   
 213.92179249322 6.20828E-08   
 213.89126712329 2.90818E-08   
 213.86075046369 1.27193E-08   
 213.8302425107 5.01319E-09   
 213.79974326059 2.04029E-09   
 213.76925270964 7.39126E-10   
 213.73877085413 2.49742E-10   
 213.70829769033 7.90446E-11   
 213.67783321454 2.28461E-11   
 213.64737742303 8.71547E-12   
 213.6169303121 2.84036E-12   
 213.58649187803 8.35464E-13   
 213.55606211711 2.17102E-13   
 213.52564102564 4.8859E-14   
 213.49522859991 9.28937E-15   
 213.46482483623 1.4623E-15   
 213.43442973088 1.86112E-16   
 213.40404328018 1.86061E-17   
 213.37366548043 1.40782E-18   
 213.34329632792 7.66655E-20   
 213.31293581898 2.79534E-21   
 213.28258394991 6.09988E-23   
 213.25224071703 6.56674E-25   
 213.22190611664 2.37115E-27   
 213.19158014507 9.99474E-31   
 213.16126279863 2.7662E-36   
 213.13095407365 3.32906E-35   
 213.10065396645 8.29415E-38   
 213.07036247335 6.64478E-40   
 213.04007959068 2.17201E-43   
 213.00980531476 0   
 212.97953964194 0   
 212.94928256855 0   
 212.91903409091 0   
 212.88879420537 0   
 212.85856290826 0   
 212.82834019594 0   
 212.79812606474 0   
 212.767920511 0   
 212.73772353108 0   
 212.70753512133 0   
 212.67735527809 0   
 212.64718399773 0   
 212.6170212766 0   
 212.58686711105 0   
 212.55672149745 0   
 212.52658443216 0   
 212.49645591154 0   
 212.46633593196 0   
 212.4362244898 0   
 212.40612158141 0   
 212.37602720317 0   
 212.34594135147 0   
 212.31586402266 0   
 212.28579521314 0   
 212.25573491929 0   
 212.22568313748 0   
 212.1956398641 0   
 212.16560509554 0   
 212.13557882819 0   
 212.10556105844 0   
 212.07555178268 0   
 212.04555099731 0   
 212.01555869873 9.52883E-44   
 211.98557488333 8.64048E-40   
 211.95559954751 2.4533E-36   
 211.92563268769 2.61525E-33   
 211.89567430025 1.20961E-30   
 211.86572438163 2.74415E-28   
 211.83578292821 3.35747E-26   
 211.80584993641 2.35895E-24   
 211.77592540266 1.02377E-22   
 211.74600932335 1.93082E-21   
 211.71610169492 5.59055E-20   
 211.68620251377 1.24021E-18   
 211.65631177633 1.70077E-17   
 211.62642947903 1.77326E-16   
 211.59655561829 1.45808E-15   
 211.56669019054 1.02449E-14   
 211.53683319221 6.12397E-14   
 211.50698461973 3.10607E-13   
 211.47714446953 1.36117E-12   
 211.44731273804 5.05097E-12   
 211.41748942172 5.53238E-12   
 211.38767451699 5.81166E-11   
 211.3578680203 1.88638E-10   
 211.3280699281 5.31001E-10   
 211.29828023682 1.39372E-09   
 211.26849894292 3.39243E-09   
 211.23872604284 7.70588E-09   
 211.20896153304 1.67583E-08   
 211.17920540997 3.43918E-08   
 211.14945767009 6.78165E-08   
 211.11971830986 1.26662E-07   
 211.08998732573 2.32229E-07   
 211.06026471417 4.05195E-07   
 211.03055047163 6.8663E-07   
 211.00084459459 1.12787E-06   
 210.97114707952 1.79677E-06   
 210.94145792288 2.78273E-06   
 210.91177712115 4.19142E-06   
 210.88210467079 6.21294E-06   
 210.85244056829 8.96997E-06   
 210.82278481013 1.2768E-05   
 210.79313739277 1.78044E-05   
 210.76349831271 2.48568E-05   
 210.73386756643 3.46381E-05   
 210.70424515041 4.67181E-05   
 210.67463106114 6.21297E-05   
 210.64502529511 8.22232E-05   
 210.61542784881 1.06582E-04   
 210.58583871874 1.36449E-04   
 210.55625790139 1.7227E-04   
 210.52668539326 2.16248E-04   
 210.49712119084 2.67806E-04   
 210.46756529065 3.29669E-04   
 210.43801768918 4.02548E-04   
 210.40847838293 4.86335E-04   
 210.37894736842 5.82643E-04   
 210.34942464216 6.92709E-04   
 210.31991020065 8.17714E-04   
 210.2904040404 9.58825E-04   
 210.26090615795 1.11719E-03   
 210.23141654979 1.29395E-03   
 210.20193521245 1.49018E-03   
 210.17246214246 1.70694E-03   
 210.14299733632 1.94524E-03   
 210.11354079058 2.20602E-03   
 210.08409250175 2.49017E-03   
 210.05465246637 2.79848E-03   
 210.02522068096 3.1317E-03   
 209.99579714206 3.49044E-03   
 209.9663818462 3.87526E-03   
 209.93697478992 4.28659E-03   
 209.90757596975 4.72476E-03   
 209.87818538225 5.18996E-03   
 209.84880302394 5.68224E-03   
 209.81942889138 6.20146E-03   
 209.79006298111 6.7472E-03   
 209.76070528967 7.31848E-03   
 209.73135581363 7.90584E-03   
 209.70201454952 8.53311E-03   
 209.67268149392 9.16179E-03   
 209.64335664336 9.52357E-03   
 209.61403999441 0.0104981   
 209.58473154362 0.0112324   
 209.55543128757 0.0119498   
 209.52613922281 0.0126587   
 209.49685534591 0.01334   
 209.46757965344 0.0139479   
 209.43831214196 0.014359   
 209.40905280805 0.014111   
 209.37980164827 0.0100661   
 209.35055865922 0.0121086   
 209.32132383745 0.0166387   
 209.29209717956 0.0184753   
 209.26287868212 0.019757   
 209.23366834171 0.0208336   
 209.20446615492 0.0219077   
 209.17527211834 0.0229393   
 209.14608622855 0.0240185   
 209.11690848214 0.0250324   
 209.08773887571 0.0260128   
 209.05857740586 0.0269509   
 209.02942406917 0.0278336   
 209.00027886224 0.0286469   
 208.97114178168 0.0293847   
 208.94201282409 0.0300667   
 208.91289198606 0.0306591   
 208.88377926421 0.0316376   
 208.85467465515 0.0325315   
 208.82557815548 0.0333398   
 208.79648976181 0.0337961   
 208.76740947075 0.0345372   
 208.73833727893 0.0341941   
 208.70927318296 0.0354412   
 208.68021717945 0.0357111   
 208.65116926503 0.0357465   
 208.62212943633 0.0355739   
 208.59309768995 0.0351792   
 208.56407402254 0.034539   
 208.53505843072 0.0336259   
 208.50605091111 0.0324101   
 208.47705146036 0.0308612   
 208.44806007509 0.0289465   
 208.41907675195 0.0266206   
 208.39010148756 0.0237483   
 208.36113427857 0.0193132   
 208.33217512161 0.01682   
 208.30322401334 0.0149441   
 208.2742809504 0.0120475   
 208.24534592942 9.12939E-03   
 208.21641894708 6.54268E-03   
 208.1875 4.4427E-03   
 208.15858908485 2.9042E-03   
 208.12968619828 1.88135E-03   
 208.10079133694 1.20702E-03   
 208.0719044975 6.5882E-04   
 208.04302567661 7.01222E-04   
 208.01415487094 1.52651E-03   
 207.98529207715 3.17403E-03   
 207.9564372919 5.31298E-03   
 207.92759051186 8.23812E-03   
 207.8987517337 0.0119793   
 207.8699209541 0.0163868   
 207.84109816972 0.0213845   
 207.81228337724 0.0266315   
 207.78347657333 0.0319472   
 207.75467775468 0.037153   
 207.72588691796 0.0420261   
 207.69710405986 0.0461382   
 207.66832917706 0.0495004   
 207.63956226624 0.0496905   
 207.6108033241 0.0311928   
 207.58205234732 0.055171   
 207.55330933259 0.0643287   
 207.52457427662 0.0693146   
 207.49584717608 0.0728621   
 207.46712802768 0.0771855   
 207.43841682812 0.0810918   
 207.4097135741 0.0847012   
 207.38101826231 0.0882512   
 207.35233088947 0.0917112   
 207.32365145228 0.0948767   
 207.29497994745 0.0979786   
 207.26631637168 0.10068   
 207.23766072169 0.10312   
 207.20901299419 0.106005   
 207.1803731859 0.10819   
 207.15174129353 0.110719   
 207.1231173138 0.11314   
 207.09450124344 0.115286   
 207.06589307915 0.11713   
 207.03729281768 0.118308   
 207.00870045574 0.12128   
 206.98011599006 0.123254   
 206.95153941737 0.125046   
 206.9229707344 0.126666   
 206.89440993789 0.128016   
 206.86585702457 0.128631   
 206.83731199117 0.124647   
 206.80877483444 0.127463   
 206.78024555111 0.133532   
 206.75172413793 0.135993   
 206.72321059164 0.137735   
 206.69470490899 0.139138   
 206.66620708672 0.140171   
 206.63771712159 0.142242   
 206.60923501034 0.143372   
 206.58076074972 0.14553   
 206.5522943365 0.147025   
 206.52383576743 0.148416   
 206.49538503926 0.149746   
 206.46694214876 0.15103   
 206.43850709269 0.152275   
 206.4100798678 0.153486   
 206.38166047088 0.154665   
 206.35324889868 0.155812   
 206.32484514797 0.156927   
 206.29644921552 0.158008   
 206.26806109811 0.159055   
 206.23968079252 0.160065   
 206.2113082955 0.161034   
 206.18294360385 0.161942   
 206.15458671434 0.16263   
 206.12623762376 0.163701   
 206.09789632889 0.164509   
 206.06956282651 0.165234   
 206.0412371134 0.165846   
 206.01291918637 0.166081   
 205.98460904219 0.166664   
 205.95630667766 0.167162   
 205.92801208957 0.167182   
 205.89972527473 0.166042   
 205.87144622991 0.165675   
 205.84317495194 0.163187   
 205.81491143759 0.156329   
 205.78665568369 0.131354   
 205.75840768703 0.0733516   
 205.73016744441 0.148249   
 205.70193495266 0.162338   
 205.67371020856 0.167707   
 205.64549320895 0.170444   
 205.61728395062 0.172061   
 205.58908243039 0.173075   
 205.56088864509 0.173648   
 205.53270259153 0.17422   
 205.50452426652 0.174491   
 205.4763536669 0.174579   
 205.44819078947 0.174565   
 205.42003563108 0.174372   
 205.39188818854 0.17319   
 205.36374845869 0.173443   
 205.33561643836 0.172033   
 205.30749212437 0.172249   
 205.27937551356 0.171431   
 205.25126660277 0.170313   
 205.22316538883 0.168654   
 205.19507186858 0.166364   
 205.16698603887 0.165697   
 205.13890789654 0.161668   
 205.11083743842 0.16172   
 205.08277466138 0.159436   
 205.05471956224 0.156613   
 205.02667213787 0.153349   
 204.99863238512 0.149615   
 204.97060030083 0.145361   
 204.94257588187 0.140523   
 204.91455912509 0.135031   
 204.88655002734 0.128805   
 204.85854858549 0.121761   
 204.83055479639 0.11381   
 204.80256865692 0.104869   
 204.77459016393 0.0948509   
 204.7466193143 0.0834799   
 204.71865610489 0.0716859   
 204.69070053257 0.0587881   
 204.66275259421 0.0457171   
 204.63481228669 0.0325973   
 204.60687960688 0.020562   
 204.57895455166 0.0107568   
 204.5510371179 4.15652E-03   
 204.5231273025 8.97601E-04   
 204.49522510232 5.84264E-05   
 204.46733051425 1.25235E-06   
 204.43944353519 2.62481E-09   
 204.41156416201 2.53831E-15   
 204.3836923916 0   
 204.35582822086 5.64868E-16   
 204.32797164667 1.93887E-09   
 204.30012266594 2.29207E-06   
 204.27228127555 1.07012E-04   
 204.24444747241 1.03223E-03   
 204.21662125341 4.2858E-03   
 204.18880261545 0.010997   
 204.16099155543 0.0210899   
 204.13318807027 0.0336134   
 204.10539215686 0.047232   
 204.07760381212 0.0613824   
 204.04982303294 0.075599   
 204.02204981625 0.0888283   
 203.99428415895 0.101147   
 203.96652605797 0.112395   
 203.9387755102 0.122703   
 203.91103251258 0.13191   
 203.88329706202 0.14041   
 203.85556915545 0.147685   
 203.82784878977 0.154244   
 203.80013596193 0.161149   
 203.77243066884 0.166849   
 203.74473290744 0.172025   
 203.71704267464 0.176715   
 203.68935996739 0.180666   
 203.66168478261 0.184519   
 203.63401711724 0.188021   
 203.60635696822 0.191191   
 203.57870433247 0.19401   
 203.55105920695 0.195932   
 203.52342158859 0.198484   
 203.49579147434 0.20148   
 203.46816886114 0.20377   
 203.44055374593 0.205845   
 203.41294612566 0.207887   
 203.38534599729 0.209939   
 203.35775335775 0.211842   
 203.33016820402 0.213648   
 203.30259053303 0.215352   
 203.27502034174 0.216956   
 203.24745762712 0.218463   
 203.21990238612 0.219877   
 203.1923546157 0.221206   
 203.16481431282 0.222456   
 203.13728147445 0.223634   
 203.10975609756 0.224745   
 203.08223817911 0.225794   
 203.05472771607 0.226785   
 203.0272247054 0.227722   
 202.9997291441 0.228607   
 202.97224102911 0.229441   
 202.94476035743 0.23022   
 202.91728712603 0.23093   
 202.88982133189 0.231478   
 202.86236297199 0.23022   
 202.8349120433 0.232828   
 202.80746854282 0.233535   
 202.78003246753 0.234112   
 202.75260381442 0.234625   
 202.72518258047 0.235091   
 202.69776876268 0.235519   
 202.67036235803 0.235938   
 202.64296336353 0.236285   
 202.61557177616 0.236817   
 202.58818759292 0.237205   
 202.56081081081 0.237494   
 202.53344142683 0.237675   
 202.50607943799 0.237716   
 202.47872484128 0.237564   
 202.45137763371 0.237121   
 202.42403781229 0.236206   
 202.39670537402 0.234444   
 202.36938031592 0.230928   
 202.34206263499 0.222941   
 202.31475232825 0.198312   
 202.28744939271 0.012376   
 202.26015382539 0.198354   
 202.23286562331 0.223848   
 202.20558478349 0.232536   
 202.17831130294 0.236678   
 202.15104517869 0.239003   
 202.12378640777 0.239892   
 202.09653498719 0.241397   
 202.06929091399 0.242169   
 202.0420541852 0.241517   
 202.01482479784 0.243131   
 201.98760274896 0.24387   
 201.96038803557 0.244239   
 201.93318065472 0.244468   
 201.90598060345 0.244736   
 201.87878787879 0.24489   
 201.85160247778 0.244971   
 201.82442439747 0.244904   
 201.7972536349 0.244652   
 201.7700901871 0.244654   
 201.74293405114 0.240156   
 201.71578522406 0.244426   
 201.68864370291 0.244607   
 201.66150948473 0.243876   
 201.63438256659 0.24441   
 201.60726294553 0.244178   
 201.58015061861 0.243764   
 201.5530455829 0.243147   
 201.52594783544 0.242206   
 201.4988573733 0.240611   
 201.47177419355 0.235813   
 201.44469829324 0.238887   
 201.41762966944 0.239499   
 201.39056831923 0.239261   
 201.36351423966 0.238522   
 201.3364674278 0.237429   
 201.30942788074 0.236007   
 201.28239559554 0.234215   
 201.25537056928 0.231607   
 201.22835279903 0.229465   
 201.20134228188 0.226382   
 201.1743390149 0.222518   
 201.14734299517 0.217658   
 201.12035421978 0.211244   
 201.09337268581 0.202432   
 201.06639839034 0.187469   
 201.03943133047 0.165859   
 201.01247150329 0.0639125   
 200.98551890587 0.137684   
 200.95857353533 0.164895   
 200.93163538874 0.171944   
 200.90470446321 0.181714   
 200.87778075583 0.188065   
 200.8508642637 0.192798   
 200.82395498392 0.195209   
 200.7970529136 0.192621   
 200.77015804983 0.160028   
 200.74327038971 0.166178   
 200.71638993037 0.200576   
 200.6895166689 0.208568   
 200.66265060241 0.210926   
 200.63579172802 0.216494   
 200.60894004283 0.22104   
 200.58209554396 0.22504   
 200.55525822853 0.228696   
 200.52842809365 0.231753   
 200.50160513644 0.234249   
 200.47478935402 0.236304   
 200.44798074351 0.237788   
 200.42117930205 0.236921   
 200.39438502674 0.239819   
 200.36759791472 0.239964   
 200.34081796311 0.240418   
 200.31404516905 0.23994   
 200.28727952966 0.238775   
 200.26052104208 0.238737   
 200.23376970345 0.241165   
 200.20702551089 0.242857   
 200.18028846154 0.243949   
 200.15355855254 0.243028   
 200.12683578104 0.245351   
 200.10012014417 0.246272   
 200.07341163908 0.246775   
 200.04671026291 0.247114   
 200.02001601281 0.247065   
 199.99332888592 0.247599   
 199.9666488794 0.247772   
 199.9399759904 0.247891   
 199.91331021606 0.247974   
 199.88665155354 0.248026   
 199.86 0.24805   
 199.83335555259 0.248051   
 199.80671820848 0.24803   
 199.78008796481 0.247987   
 199.75346481876 0.247925   
 199.72684876749 0.247843   
 199.70023980815 0.247742   
 199.67363793792 0.247621   
 199.64704315397 0.24748   
 199.62045545346 0.247317   
 199.59387483356 0.247129   
 199.56730129144 0.247749   
 199.54073482428 0.24756   
 199.51417542926 0.247309   
 199.48762310354 0.247013   
 199.46107784431 0.246674   
 199.43453964875 0.246287   
 199.40800851403 0.245839   
 199.38148443735 0.245317   
 199.35496741588 0.244698   
 199.32845744681 0.24395   
 199.30195452732 0.243018   
 199.27545865461 0.241806   
 199.24896982587 0.240107   
 199.22248803828 0.237332   
 199.19601328904 0.230353   
 199.16954557534 0.200687   
 199.14308489438 0.226559   
 199.11663124336 0.233166   
 199.09018461947 0.233823   
 199.06374501992 0.232728   
 199.03731244191 0.230313   
 199.01088688263 0.226031   
 198.98446833931 0.217639   
 198.95805680913 0.194694   
 198.93165228932 0.0317246   
 198.90525477707 0.188739   
 198.8788642696 0.21316   
 198.85248076413 0.221088   
 198.82610425786 0.226702   
 198.79973474801 0.229724   
 198.7733722318 0.231719   
 198.74701670644 0.233184   
 198.72066816916 0.234499   
 198.69432661718 0.235299   
 198.66799204771 0.236183   
 198.64166445799 0.236739   
 198.61534384524 0.237291   
 198.58903020668 0.237608   
 198.56272353954 0.237778   
 198.53642384106 0.237592   
 198.51013110846 0.237842   
 198.48384533898 0.237618   
 198.45756652986 0.237557   
 198.43129467832 0.237165   
 198.4050297816 0.235803   
 198.37877183695 0.2356   
 198.3525208416 0.236151   
 198.3262767928 0.235783   
 198.30003968779 0.235105   
 198.27380952381 0.234056   
 198.24758629811 0.232469   
 198.22137000793 0.229466   
 198.19516065054 0.222032   
 198.16895822316 0.184364   
 198.14276272307 0.200538   
 198.1165741475 0.223244   
 198.09039249372 0.228346   
 198.06421775899 0.230135   
 198.03804994055 0.230779   
 198.01188903567 0.23086   
 197.98573504161 0.229872   
 197.95958795563 0.229325   
 197.93344777499 0.228613   
 197.90731449696 0.228457   
 197.88118811881 0.227718   
 197.8550686378 0.226638   
 197.82895605121 0.225177   
 197.80285035629 0.222993   
 197.77675155034 0.220054   
 197.75065963061 0.214488   
 197.72457459438 0.203793   
 197.69849643893 0.179639   
 197.67242516155 0.0384727   
 197.64636075949 0.168858   
 197.62030323006 0.200743   
 197.59425257052 0.210432   
 197.56820877817 0.214562   
 197.54217185029 0.21634   
 197.51614178416 0.217013   
 197.49011857708 0.216909   
 197.46410222632 0.216407   
 197.43809272919 0.216043   
 197.41209008297 0.215339   
 197.38609428496 0.214381   
 197.36010533246 0.21299   
 197.33412322275 0.205118   
 197.30814795314 0.210207   
 197.28217952093 0.209046   
 197.25621792341 0.207379   
 197.23026315789 0.205557   
 197.20431522168 0.203436   
 197.17837411208 0.201043   
 197.15243982638 0.198333   
 197.12651236191 0.195137   
 197.10059171598 0.191519   
 197.07467788588 0.188069   
 197.04877086894 0.183843   
 197.02287066246 0.179052   
 196.99697726377 0.173571   
 196.97109067017 0.167379   
 196.94521087899 0.160423   
 196.91933788755 0.152638   
 196.89347169316 0.14379   
 196.86761229314 0.133564   
 196.84175968483 0.124433   
 196.81591386555 0.115676   
 196.79007483261 0.104019   
 196.76424258336 0.0895414   
 196.73841711511 0.0720865   
 196.7125984252 0.0521611   
 196.68678651096 0.0315266   
 196.66098136972 0.0137425   
 196.63518299882 3.30281E-03   
 196.60939139559 2.1412E-04   
 196.58360655738 3.60429E-07   
 196.55782848151 3.8953E-09   
 196.53205716533 5.48221E-05   
 196.50629260619 1.72035E-03   
 196.48053480142 9.77438E-03   
 196.45478374836 0.0259393   
 196.42903944437 0.0467723   
 196.40330188679 0.0682042   
 196.37757107297 0.0878517   
 196.35184700026 0.10484   
 196.32612966601 0.119082   
 196.30041906757 0.130854   
 196.2747152023 0.140528   
 196.24901806756 0.148464   
 196.22332766069 0.154978   
 196.19764397906 0.160328   
 196.17196702002 0.164724   
 196.14629678095 0.168333   
 196.12063325919 0.171284   
 196.09497645212 0.173681   
 196.0693263571 0.175611   
 196.04368297149 0.177169   
 196.01804629266 0.178443   
 195.99241631799 0.179446   
 195.96679304484 0.180172   
 195.94117647059 0.180631   
 195.9155665926 0.180829   
 195.88996340826 0.180748   
 195.86436691494 0.180309   
 195.83877711001 0.179653   
 195.81319399086 0.178752   
 195.78761755486 0.176999   
 195.7620477994 0.173486   
 195.73648472186 0.167903   
 195.71092831962 0.149258   
 195.68537859008 0.0317817   
 195.65983553061 0.151424   
 195.63429913861 0.166502   
 195.60876941146 0.170963   
 195.58324634656 0.172498   
 195.55772994129 0.172826   
 195.53222019306 0.172476   
 195.50671709926 0.171025   
 195.48122065728 0.170711   
 195.45573086452 0.169905   
 195.43024771838 0.168662   
 195.40477121627 0.167247   
 195.37930135558 0.165682   
 195.35383813372 0.16397   
 195.32838154808 0.162104   
 195.30293159609 0.160063   
 195.27748827514 0.157687   
 195.25205158265 0.155164   
 195.22662151602 0.153094   
 195.20119807267 0.150444   
 195.17578125 0.147352   
 195.15037104544 0.142762   
 195.12496745639 0.141215   
 195.09957048028 0.137887   
 195.07418011452 0.134172   
 195.04879635654 0.130141   
 195.02341920375 0.125785   
 194.99804865357 0.121085   
 194.97268470343 0.116007   
 194.94732735076 0.110402   
 194.92197659298 0.104671   
 194.89663242751 0.0984657   
 194.87129485179 0.0917682   
 194.84596386325 0.0846196   
 194.82063945932 0.07704   
 194.79532163743 0.0690672   
 194.77001039501 0.0607688   
 194.7447057295 0.052249   
 194.71940763835 0.0436278   
 194.69411611898 0.0352418   
 194.66883116883 0.0272748   
 194.64355278535 0.0200081   
 194.61828096598 0.0137531   
 194.59301570817 8.73908E-03   
 194.56775700935 5.06908E-03   
 194.54250486697 2.6584E-03   
 194.51725927848 1.25762E-03   
 194.49202024134 5.46656E-04   
 194.46678775298 2.1333E-04   
 194.44156181087 1.26387E-05   
 194.41634241245 5.1575E-05   
 194.39112955518 1.48214E-04   
 194.36592323651 2.97766E-04   
 194.34072345391 5.68404E-04   
 194.31553020482 1.53278E-03   
 194.29034348671 3.16705E-03   
 194.26516329705 5.81251E-03   
 194.23998963328 9.66388E-03   
 194.21482249287 0.0147716   
 194.1896618733 0.02089   
 194.16450777202 0.0277907   
 194.1393601865 0.0351389   
 194.11421911422 0.0422714   
 194.08908455264 0.0504065   
 194.06395649922 0.0578891   
 194.03883495146 0.0650171   
 194.01371990681 0.0717352   
 193.98861136275 0.0780023   
 193.96350931677 0.0837975   
 193.93841376633 0.0891044   
 193.91332470893 0.0937382   
 193.88824214203 0.0983366   
 193.86316606311 0.101872   
 193.83809646968 0.106174   
 193.81303335919 0.109495   
 193.78797672915 0.112456   
 193.76292657704 0.115074   
 193.73788290035 0.117302   
 193.71284569656 0.116675   
 193.68781496317 0.120999   
 193.66279069767 0.122431   
 193.63777289756 0.123247   
 193.61276156032 0.123195   
 193.58775668346 0.121427   
 193.56275826446 0.111616   
 193.53776630084 0.122264   
 193.51278079009 0.126891   
 193.4878017297 0.129437   
 193.46282911719 0.131109   
 193.43786295006 0.132268   
 193.41290322581 0.133154   
 193.38794994194 0.13383   
 193.36300309598 0.134354   
 193.33806268541 0.134761   
 193.31312870776 0.135073   
 193.28820116054 0.135302   
 193.26328004126 0.135461   
 193.23836534743 0.135549   
 193.21345707657 0.135587   
 193.18855522619 0.135572   
 193.16365979381 0.1355   
 193.13877077696 0.13519   
 193.11388817315 0.135249   
 193.0890119799 0.135077   
 193.06414219474 0.13486   
 193.0392788152 0.134573   
 193.01442183878 0.134332   
 192.98957126304 0.133765   
 192.96472708548 0.133651   
 192.93988930364 0.133197   
 192.91505791506 0.132595   
 192.89023291726 0.132267   
 192.86541430777 0.131637   
 192.84060208414 0.131434   
 192.81579624389 0.130865   
 192.79099678457 0.130092   
 192.7662037037 0.129299   
 192.74141699884 0.12887   
 192.71663666752 0.127972   
 192.69186270729 0.127093   
 192.66709511568 0.125814   
 192.64233389025 0.123765   
 192.61757902853 0.121051   
 192.59283052807 0.114744   
 192.56808838643 0.0908329   
 192.54335260116 0.0833643   
 192.51862316979 0.111403   
 192.49390008989 0.117048   
 192.46918335901 0.11843   
 192.44447297471 0.118001   
 192.41976893453 0.115989   
 192.39507123604 0.106997   
 192.3703798768 0.0946671   
 192.34569485436 0.102288   
 192.32101616628 0.115363   
 192.29634381013 0.116548   
 192.27167778348 0.116682   
 192.24701808388 0.116418   
 192.2223647089 0.115921   
 192.19771765611 0.115274   
 192.17307692308 0.114362   
 192.14844250737 0.113843   
 192.12381440656 0.112698   
 192.09919261822 0.111281   
 192.07457713993 0.111569   
 192.04996796925 0.11109   
 192.02536510377 0.108711   
 192.00076854105 0.109139   
 191.97617827869 0.10903   
 191.95159431425 0.108361   
 191.92701664533 0.107515   
 191.90244526949 0.106817   
 191.87788018433 0.106002   
 191.85332138743 0.105158   
 191.82876887638 0.10425   
 191.80422264875 0.103308   
 191.77968270215 0.102468   
 191.75514903416 0.101505   
 191.73062164236 0.100417   
 191.70610052436 0.098905   
 191.68158567775 0.0941027   
 191.65707710012 0.0954463   
 191.63257478906 0.0963883   
 191.60807874217 0.0957917   
 191.58358895706 0.0951022   
 191.55910543131 0.0942129   
 191.53462816254 0.0932128   
 191.51015714833 0.092118   
 191.48569238631 0.0908749   
 191.46123387406 0.089481   
 191.4367816092 0.0879919   
 191.41233558932 0.0859375   
 191.38789581205 0.0826159   
 191.36346227499 0.0773814   
 191.33903497575 0.0616869   
 191.31461391193 0.0319675   
 191.29019908116 0.0699476   
 191.26579048105 0.0767586   
 191.24138810921 0.0786566   
 191.21699196326 0.0790197   
 191.19260204082 0.0787184   
 191.1682183395 0.0775882   
 191.14384085692 0.0774583   
 191.11946959072 0.0765129   
 191.0951045385 0.0757047   
 191.0707456979 0.0746768   
 191.04639306653 0.0734788   
 191.02204664203 0.0719589   
 190.99770642202 0.0708141   
 190.97337240413 0.0701536   
 190.94904458599 0.0689963   
 190.92472296523 0.0676622   
 190.90040753948 0.0649118   
 190.87609830638 0.0649832   
 190.85179526356 0.0636267   
 190.82749840866 0.0620764   
 190.80320773931 0.0593459   
 190.77892325315 0.0572343   
 190.75464494782 0.0568602   
 190.73037282097 0.0549331   
 190.70610687023 0.0527261   
 190.68184709325 0.050158   
 190.65759348766 0.0466124   
 190.63334605113 0.0445028   
 190.60910478128 0.0412352   
 190.58486967578 0.0375661   
 190.56064073227 0.0324954   
 190.53641794839 0.0292445   
 190.51220132181 0.0249577   
 190.48799085017 0.020947   
 190.46378653113 0.0163512   
 190.43958836234 0.014724   
 190.41539634146 0.0163147   
 190.39121046615 0.0184143   
 190.36703073406 0.0208928   
 190.34285714286 0.0240287   
 190.3186896902 0.0267034   
 190.29452837375 0.0283441   
 190.27037319117 0.0306788   
 190.24622414012 0.032113   
 190.22208121827 0.0327146   
 190.1979444233 0.033488   
 190.17381375285 0.0339867   
 190.14968920462 0.0334848   
 190.12557077626 0.0336451   
 190.10145846544 0.0334705   
 190.07735226985 0.0307292   
 190.05325218714 0.0322529   
 190.02915821501 0.0305446   
 190.00507035112 0.0286922   
 189.98098859316 0.0303482   
 189.95691293879 0.0271052   
 189.93284338571 0.0292441   
 189.90877993158 0.0223597   
 189.88472257411 0.027489   
 189.86067131096 0.022525   
 189.83662613982 0.0254351   
 189.81258705838 0.0235593   
 189.78855406432 0.0220795   
 189.76452715534 0.0218998   
 189.74050632911 0.0197448   
 189.71649158334 0.0126337   
 189.69248291572 0.0148867   
 189.66848032393 0.0135138   
 189.64448380567 9.57536E-03   
 189.62049335863 9.25413E-03   
 189.59650898052 6.90754E-03   
 189.57253066903 3.81121E-03   
 189.54855842185 9.38789E-04   
 189.52459223669 5.83112E-04   
 189.50063211125 7.91903E-03   
 189.47667804323 0.0114999   
 189.45273003033 0.0128725   
 189.42878807026 0.0132976   
 189.40485216073 0.0132872   
 189.38092229943 0.0130458   
 189.35699848408 0.0126728   
 189.33308071239 0.0122195   
 189.30916898207 0.0116911   
 189.28526329082 0.0112111   
 189.26136363636 0.0106867   
 189.23747001641 0.0101513   
 189.21358242868 9.61964E-03   
 189.18970087088 9.08742E-03   
 189.16582534074 8.5444E-03   
 189.14195583596 8.04069E-03   
 189.11809235428 7.51867E-03   
 189.0942348934 6.82938E-03   
 189.07038345106 6.54367E-03   
 189.04653802497 6.127E-03   
 189.02269861286 5.69431E-03   
 188.99886521246 5.24384E-03   
 188.97503782148 4.85724E-03   
 188.95121643767 4.47956E-03   
 188.92740105873 4.11695E-03   
 188.90359168242 3.76554E-03   
 188.87978830645 3.43082E-03   
 188.85599092856 3.10956E-03   
 188.83219954649 2.8164E-03   
 188.80841415795 2.53719E-03   
 188.78463476071 2.27516E-03   
 188.76086135247 2.0308E-03   
 188.737093931 1.80416E-03   
 188.71333249402 1.59391E-03   
 188.68957703927 1.40125E-03   
 188.66582756451 1.22452E-03   
 188.64208406746 1.06307E-03   
 188.61834654587 9.17096E-04   
 188.59461499748 7.82998E-04   
 188.57088942005 6.67879E-04   
 188.54716981132 5.63131E-04   
 188.52345616904 4.70448E-04   
 188.49974849095 3.89116E-04   
 188.4760467748 3.18304E-04   
 188.45235101836 2.5711E-04   
 188.42866121936 2.04743E-04   
 188.40497737557 1.60708E-04   
 188.38129948473 1.23624E-04   
 188.35762754461 9.16802E-05   
 188.33396155296 6.32972E-05   
 188.31030150754 1.70265E-05   
 188.2866474061 2.4476E-05   
 188.26299924642 2.75121E-05   
 188.23935702625 2.18035E-05   
 188.21572074335 1.61011E-05   
 188.19209039548 1.14296E-05   
 188.16846598042 7.85154E-06   
 188.14484749592 5.2274E-06   
 188.12123493976 3.41015E-06   
 188.0976283097 2.14369E-06   
 188.07402760351 1.30111E-06   
 188.05043281897 7.53558E-07   
 188.02684395384 4.25645E-07   
 188.00326100589 2.26946E-07   
 187.97968397291 1.16007E-07   
 187.95611285266 5.61872E-08   
 187.93254764293 2.55378E-08   
 187.90898834148 1.08447E-08   
 187.8854349461 4.27347E-09   
 187.86188745457 1.55086E-09   
 187.83834586466 5.14152E-10   
 187.81481017416 1.54082E-10   
 187.79128038086 4.16788E-11   
 187.76775648253 1.00027E-11   
 187.74423847695 2.08266E-12   
 187.72072636193 3.6556E-13   
 187.69722013524 5.20833E-14   
 187.67371979467 6.16675E-15   
 187.65022533801 5.58174E-16   
 187.62673676305 3.77496E-17   
 187.60325406758 1.82298E-18   
 187.57977724941 5.94998E-20   
 187.55630630631 1.22847E-21   
 187.53284123608 1.48109E-23   
 187.50938203653 9.46354E-26   
 187.48592870544 2.84798E-28   
 187.46248124062 3.49523E-31   
 187.43903963986 1.46594E-34   
 187.41560390098 1.68721E-38   
 187.39217402175 4.00771E-43   
 187.36875 0   
 187.34533183352 0   
 187.32191952012 0   
 187.2985130576 0   
 187.27511244378 0   
 187.25171767645 0   
 187.22832875343 0   
 187.20494567254 0   
 187.18156843157 0   
 187.15819702834 0   
 187.13483146067 0   
 187.11147172638 0   
 187.08811782327 0   
 187.06476974916 0   
 187.04142750187 0   
 187.01809107923 0   
 186.99476047904 0   
 186.97143569914 0   
 186.94811673734 0   
 186.92480359147 0   
 186.90149625935 0   
 186.87819473881 0   
 186.85489902767 0   
 186.83160912377 1.26117E-44   
 186.80832502493 6.66718E-40   
 186.78504672897 6.91646E-36   
 186.76177423374 1.88927E-32   
 186.73850753706 1.69322E-29   
 186.71524663677 5.98645E-27   
 186.6919915307 9.66629E-25   
 186.66874221669 8.05109E-23   
 186.64549869257 4.72975E-21   
 186.62226095618 1.5846E-19   
 186.59902900535 1.68371E-18   
 186.57580283794 5.95074E-17   
 186.55258245177 8.63634E-16   
 186.5293678447 8.54429E-15   
 186.50615901456 6.61645E-14   
 186.48295595919 4.13187E-13   
 186.45975867645 2.13666E-12   
 186.43656716418 9.41307E-12   
 186.41338142022 3.57367E-11   
 186.39020144243 1.19004E-10   
 186.36702722865 3.77653E-10   
 186.34385877673 1.05097E-09   
 186.32069608452 2.67483E-09   
 186.29753914989 6.29729E-09   
 186.27438797067 1.38302E-08   
 186.25124254473 2.8558E-08   
 186.22810286992 5.57493E-08   
 186.2049689441 1.03475E-07   
 186.18184076512 1.83332E-07   
 186.15871833085 3.11867E-07   
 186.13560163914 5.10453E-07   
 186.11249068786 8.06738E-07   
 186.08938547486 1.23429E-06   
 186.06628599801 1.82916E-06   
 186.04319225518 2.63729E-06   
 186.02010424423 3.72888E-06   
 185.99702196302 5.08923E-06   
 185.97394540943 7.02413E-06   
 185.95087458132 9.40396E-06   
 185.92780947656 1.23438E-05   
 185.90475009302 1.57867E-05   
 185.88169642857 2.02135E-05   
 185.85864848109 2.52892E-05   
 185.83560624845 3.12046E-05   
 185.81256972852 3.80186E-05   
 185.78953891919 4.57794E-05   
 185.76651381832 5.45235E-05   
 185.74349442379 6.42745E-05   
 185.72048073349 7.50075E-05   
 185.69747274529 8.68104E-05   
 185.67447045708 9.95338E-05   
 185.65147386673 1.13404E-04   
 185.62848297214 1.28117E-04   
 185.60549777117 1.43681E-04   
 185.58251826173 1.60014E-04   
 185.55954444169 1.76976E-04   
 185.53657630895 1.9452E-04   
 185.51361386139 2.1225E-04   
 185.49065709689 2.30141E-04   
 185.46770601336 2.47312E-04   
 185.44476060868 2.62434E-04   
 185.42182088075 2.70516E-04   
 185.39888682746 2.62485E-04   
 185.3759584467 1.18716E-04   
 185.35303573637 2.6325E-04   
 185.33011869436 3.37292E-04   
 185.30720731858 3.74931E-04   
 185.28430160692 3.99092E-04   
 185.26140155729 4.26668E-04   
 185.23850716757 4.48302E-04   
 185.21561843569 4.68132E-04   
 185.19273535953 4.86546E-04   
 185.169857937 5.03558E-04   
 185.14698616601 5.19428E-04   
 185.12412004446 5.3399E-04   
 185.10125957026 5.46515E-04   
 185.07840474133 5.48938E-04   
 185.05555555556 5.6868E-04   
 185.03271201086 5.79554E-04   
 185.00987410516 5.87961E-04   
 184.98704183636 5.94634E-04   
 184.96421520237 6.00187E-04   
 184.94139420111 6.05711E-04   
 184.9185788305 6.09925E-04   
 184.89576908844 6.11198E-04   
 184.87296497287 6.13203E-04   
 184.85016648169 6.12754E-04   
 184.82737361282 6.12189E-04   
 184.8045863642 6.10516E-04   
 184.78180473373 6.05894E-04   
 184.75902871934 5.99207E-04   
 184.73625831895 5.90237E-04   
 184.7134935305 5.74662E-04   
 184.6907343519 5.6688E-04   
 184.66798078108 5.54016E-04   
 184.64523281596 5.37987E-04   
 184.62249045449 5.19526E-04   
 184.59975369458 4.98644E-04   
 184.57702253417 4.75231E-04   
 184.55429697119 4.49045E-04   
 184.53157700357 4.19422E-04   
 184.50886262925 3.84141E-04   
 184.48615384615 3.34184E-04   
 184.46345065223 2.18289E-04   
 184.4407530454 1.66787E-04   
 184.41806102362 2.89779E-04   
 184.39537458482 3.22648E-04   
 184.37269372694 3.36254E-04   
 184.35001844792 3.43115E-04   
 184.3273487457 3.43805E-04   
 184.30468461822 3.46469E-04   
 184.28202606344 3.44756E-04   
 184.25937307929 3.40415E-04   
 184.23672566372 3.34122E-04   
 184.21408381467 3.26205E-04   
 184.19144753011 3.16946E-04   
 184.16881680796 3.06594E-04   
 184.14619164619 2.95362E-04   
 184.12357204275 2.83436E-04   
 184.10095799558 2.70971E-04   
 184.07834950264 2.58097E-04   
 184.05574656189 2.44923E-04   
 184.03314917127 2.31539E-04   
 184.01055732875 2.18019E-04   
 183.98797103228 2.04426E-04   
 183.96539027982 1.90806E-04   
 183.94281506933 1.77198E-04   
 183.92024539877 1.6363E-04   
 183.8976812661 1.50115E-04   
 183.87512266928 1.3665E-04   
 183.85256960628 1.23199E-04   
 183.83002207506 1.09624E-04   
 183.80748007357 9.56319E-05   
 183.7849435998 7.9609E-05   
 183.76241265171 4.7521E-05   
 183.73988722726 5.26628E-05   
 183.71736732443 5.0339E-05   
 183.69485294118 4.23726E-05   
 183.67234407548 3.40249E-05   
 183.64984072531 2.63345E-05   
 183.62734288864 1.97079E-05   
 183.60485056345 1.43239E-05   
 183.5823637477 1.02042E-05   
 183.55988243938 7.18862E-06   
 183.53740663646 4.78668E-06   
 183.51493633692 4.69747E-06   
 183.49247153874 5.78847E-06   
 183.4700122399 6.90701E-06   
 183.44755843838 8.15104E-06   
 183.42511013216 9.42136E-06   
 183.40266731922 1.05707E-05   
 183.38022999755 1.16099E-05   
 183.35779816514 1.23785E-05   
 183.33537181996 1.28474E-05   
 183.31295096001 1.30212E-05   
 183.29053558327 1.29263E-05   
 183.26812568774 1.26031E-05   
 183.24572127139 1.20966E-05   
 183.22332233223 1.14401E-05   
 183.20092886825 1.06469E-05   
 183.17854087743 9.95124E-06   
 183.15615835777 9.15435E-06   
 183.13378130727 8.34943E-06   
 183.11140972392 7.55915E-06   
 183.08904360572 6.79782E-06   
 183.06668295066 6.0752E-06   
 183.04432775675 5.39766E-06   
 183.02197802198 4.76895E-06   
 182.99963374435 4.19078E-06   
 182.97729492188 3.6628E-06   
 182.95496155254 3.18614E-06   
 182.93263363437 2.75685E-06   
 182.91031116534 2.37321E-06   
 182.88799414348 2.03232E-06   
 182.86568256679 1.72986E-06   
 182.84337643328 1.46735E-06   
 182.82107574094 1.23732E-06   
 182.7987804878 1.0373E-06   
 182.77649067187 8.64527E-07   
 182.75420629115 7.16116E-07   
 182.73192734365 5.89143E-07   
 182.7096538274 4.8162E-07   
 182.6873857404 3.90627E-07   
 182.66512308067 3.1391E-07   
 182.64286584623 2.49328E-07   
 182.62061403509 1.93879E-07   
 182.59836764527 1.43775E-07   
 182.57612667479 8.21971E-08   
 182.55389112167 7.1217E-08   
 182.53166098393 2.42243E-08   
 182.50943625959 4.54642E-08   
 182.48721694668 3.50148E-08   
 182.46500304321 3.07504E-08   
 182.44279454722 2.3635E-08   
 182.42059145674 1.76816E-08   
 182.39839376977 1.30442E-08   
 182.37620148437 9.52127E-09   
 182.35401459854 6.93096E-09   
 182.33183311033 5.05163E-09   
 182.30965701776 3.64199E-09   
 182.28748631886 2.59758E-09   
 182.26532101167 1.82454E-09   
 182.24316109422 1.20963E-09   
 182.22100656455 8.5757E-10   
 182.19885742069 5.71938E-10   
 182.17671366067 3.73232E-10   
 182.15457528254 2.38906E-10   
 182.13244228433 1.50027E-10   
 182.11031466407 9.23957E-11   
 182.08819241983 4.95353E-11   
 182.06607554962 3.59876E-11   
 182.04396405149 2.37173E-11   
 182.0218579235 1.50516E-11   
 181.99975716367 9.30208E-12   
 181.97766177006 5.59659E-12   
 181.95557174071 3.27194E-12   
 181.93348707367 1.85594E-12   
 181.91140776699 1.01894E-12   
 181.88933381871 5.41172E-13   
 181.86726522689 2.82104E-13   
 181.84520198957 1.41553E-13   
 181.8231441048 6.53469E-14   
 181.80109157065 3.35745E-14   
 181.77904438516 1.58199E-14   
 181.75700254638 7.17564E-15   
 181.73496605238 3.12189E-15   
 181.7129349012 1.29484E-15   
 181.69090909091 5.04827E-16   
 181.66888861956 1.78381E-16   
 181.64687348522 4.42748E-17   
 181.62486368593 1.41777E-17   
 181.60285921977 7.19654E-18   
 181.5808600848 2.43125E-18   
 181.55886627907 7.29268E-19   
 181.53687780065 1.99851E-19   
 181.51489464761 5.03696E-20   
 181.49291681802 1.16537E-20   
 181.47094430993 2.46255E-21   
 181.44897712141 4.72845E-22   
 181.42701525054 8.17046E-23   
 181.40505869539 1.25935E-23   
 181.38310745402 1.71297E-24   
 181.3611615245 2.02681E-25   
 181.33922090491 2.07185E-26   
 181.31728559332 1.7912E-27   
 181.29535558781 1.28619E-28   
 181.27343088644 7.5194E-30   
 181.2515114873 3.4964E-31   
 181.22959738847 1.25937E-32   
 181.20768858801 3.41224E-34   
 181.18578508401 6.73668E-36   
 181.16388687455 9.35936E-38   
 181.1419939577 8.88502E-40   
 181.12010633156 5.59398E-42   
 181.0982239942 2.24208E-44   
 181.07634694371 0   
 181.05447517816 0   
 181.03260869565 0   
 181.01074749426 0   
 180.98889157208 0   
 180.9670409272 0   
 180.9451955577 0   
 180.92335546168 0   
 180.90152063722 0   
 180.87969108242 0   
 180.85786679537 0   
 180.83604777416 0   
 180.81423401689 0   
 180.79242552165 0   
 180.77062228654 0   
 180.74882430966 0   
 180.7270315891 0   
 180.70524412297 0   
 180.68346190935 0   
 180.66168494637 0   
 180.6399132321 0   
 180.61814676467 0   
 180.59638554217 0   
 180.5746295627 0   
 180.55287882438 0   
 180.5311333253 0   
 180.50939306358 0   
 180.48765803733 0   
 180.46592824464 0   
 180.44420368364 0   
 180.42248435243 0   
 180.40077024913 0   
 180.37906137184 0   
 180.35735771869 0   
 180.33565928778 0   
 180.31396607723 0   
 180.29227808516 0   
 180.27059530968 0   
 180.24891774892 0   
 180.22724540099 0   
 180.20557826401 0   
 180.1839163361 0   
 180.16225961538 0   
 180.14060809999 0   
 180.11896178803 0   
 180.09732067764 0   
 180.07568476694 0   
 180.05405405405 0   
 180.03242853711 0   
 180.01080821424 0   
 179.98919308357 0   
 179.96758314323 0   
 179.94597839136 0   
 179.92437882607 0   
 179.90278444551 0   
 179.88119524781 0   
 179.8596112311 0   
 179.83803239352 0   
 179.81645873321 0   
 179.79489024829 0   
 179.77332693692 0   
 179.75176879722 0   
 179.73021582734 0   
 179.70866802542 0   
 179.68712538959 0   
 179.66558791802 0   
 179.64405560882 0   
 179.62252846016 0   
 179.60100647017 0   
 179.579489637 0   
 179.55797795879 0   
 179.5364714337 0   
 179.51497005988 0   
