 315.56842105263 0.500416   
 315.55181306247 0.499551   
 315.53520682033 0.498532   
 315.51860232595 0.497326   
 315.50199957904 0.495886   
 315.48539857932 0.494142   
 315.46879932653 0.491979   
 315.45220182038 0.489159   
 315.43560606061 0.485795   
 315.41901204693 0.48121   
 315.40241977906 0.474595   
 315.38582925675 0.464205   
 315.3692404797 0.44813   
 315.35265344764 0.417156   
 315.3360681603 0.330614   
 315.31948461741 0.346576   
 315.30290281868 0.420234   
 315.28632276384 0.447425   
 315.26974445262 0.46294   
 315.25316788475 0.471662   
 315.23659305994 0.477119   
 315.22001997792 0.480696   
 315.20344863842 0.48308   
 315.18687904116 0.484638   
 315.17031118587 0.485564   
 315.15374507227 0.485931   
 315.13718070009 0.485688   
 315.12061806906 0.484557   
 315.10405717889 0.481538   
 315.08749802932 0.470666   
 315.07094062007 0.457084   
 315.05438495087 0.479351   
 315.03783102144 0.484082   
 315.0212788315 0.486068   
 315.00472838079 0.487058   
 314.98817966903 0.487568   
 314.97163269594 0.487806   
 314.95508746126 0.487872   
 314.9385439647 0.487822   
 314.922002206 0.487687   
 314.90546218487 0.487487   
 314.88892390106 0.487237   
 314.87238735427 0.486945   
 314.85585254424 0.486617   
 314.8393194707 0.486258   
 314.82278813337 0.48587   
 314.80625853198 0.485456   
 314.78973066625 0.485015   
 314.77320453591 0.484544   
 314.75668014069 0.484033   
 314.74015748031 0.483456   
 314.72363655451 0.482683   
 314.70711736301 0.481928   
 314.69059990553 0.481878   
 314.6740841818 0.481474   
 314.65757019155 0.480984   
 314.64105793451 0.480451   
 314.6245474104 0.479889   
 314.60803861895 0.479303   
 314.59153155989 0.478696   
 314.57502623295 0.478069   
 314.55852263785 0.477421   
 314.54202077432 0.476752   
 314.52552064208 0.476061   
 314.50902224087 0.475346   
 314.49252557042 0.474606   
 314.47603063044 0.473835   
 314.45953742067 0.473026   
 314.44304594084 0.472167   
 314.42655619068 0.471225   
 314.4100681699 0.470074   
 314.39358187824 0.469414   
 314.37709731544 0.469264   
 314.3606144812 0.468886   
 314.34413337528 0.468373   
 314.32765399738 0.467531   
 314.31117634724 0.467319   
 314.2947004246 0.466748   
 314.27822622916 0.466094   
 314.26175376068 0.465374   
 314.24528301887 0.464584   
 314.22881400346 0.463714   
 314.21234671418 0.462747   
 314.19588115076 0.461649   
 314.17941731293 0.460348   
 314.16295520042 0.458599   
 314.14649481295 0.453209   
 314.13003615026 0.455561   
 314.11357921207 0.454334   
 314.09712399811 0.452335   
 314.08067050812 0.449576   
 314.06421874182 0.445414   
 314.04776869893 0.435153   
 314.0313203792 0.44135   
 314.01487378234 0.445916   
 313.99842890809 0.448094   
 313.98198575618 0.449376   
 313.96554432633 0.450161   
 313.94910461828 0.450618   
 313.93266663176 0.45084   
 313.91623036649 0.450878   
 313.89979582221 0.450769   
 313.88336299864 0.450536   
 313.86693189551 0.450193   
 313.85050251256 0.44975   
 313.83407484952 0.449211   
 313.8176489061 0.448576   
 313.80122468205 0.447836   
 313.7848021771 0.446979   
 313.76838139097 0.445976   
 313.75196232339 0.444771   
 313.7355449741 0.443034   
 313.71912934282 0.441606   
 313.70271542929 0.439356   
 313.68630323323 0.436111   
 313.66989275438 0.43085   
 313.65348399247 0.419468   
 313.63707694722 0.405663   
 313.62067161837 0.322928   
 313.60426800565 0.395668   
 313.58786610879 0.418469   
 313.57146592751 0.426779   
 313.55506746156 0.430688   
 313.53867071066 0.432684   
 313.52227567455 0.433647   
 313.50588235294 0.433766   
 313.48949074558 0.434095   
 313.4731008522 0.434311   
 313.45671267252 0.434177   
 313.44032620628 0.433867   
 313.42394145321 0.433436   
 313.40755841305 0.43291   
 313.39117708551 0.432299   
 313.37479747034 0.431603   
 313.35841956726 0.430803   
 313.34204337601 0.42984   
 313.32566889632 0.428407   
 313.30929612792 0.427394   
 313.29292507054 0.425533   
 313.27655572391 0.414504   
 313.26018808777 0.423916   
 313.24382216185 0.424554   
 313.22745794588 0.424261   
 313.21109543959 0.423658   
 313.19473464271 0.422903   
 313.17837555498 0.42205   
 313.16201817612 0.421125   
 313.14566250588 0.420136   
 313.12930854397 0.419086   
 313.11295629015 0.417972   
 313.09660574413 0.416789   
 313.08025690564 0.415522   
 313.06390977444 0.414134   
 313.04756435023 0.412282   
 313.03122063277 0.411204   
 313.01487862177 0.409644   
 312.99853831698 0.407881   
 312.98219971812 0.405914   
 312.96586282493 0.403701   
 312.94952763714 0.401179   
 312.93319415449 0.398256   
 312.9168623767 0.394798   
 312.90053230352 0.390606   
 312.88420393467 0.385371   
 312.86787726988 0.378593   
 312.8515523089 0.36942   
 312.83522905145 0.356287   
 312.81890749726 0.336009   
 312.80258764608 0.301025   
 312.78626949763 0.227817   
 312.76995305164 0.12902   
 312.75363830786 0.2604   
 312.73732526601 0.313953   
 312.72101392583 0.34027   
 312.70470428706 0.355501   
 312.68839634941 0.365073   
 312.67209011264 0.371402   
 312.65578557647 0.375719   
 312.63948274064 0.378711   
 312.62318160488 0.380776   
 312.60688216893 0.382097   
 312.59058443251 0.383039   
 312.57428839537 0.38382   
 312.55799405724 0.384158   
 312.54170141785 0.384153   
 312.52541047694 0.38434   
 312.50912123423 0.384217   
 312.49283368948 0.38395   
 312.4765478424 0.383576   
 312.46026369274 0.383112   
 312.44398124023 0.382569   
 312.4277004846 0.381955   
 312.41142142559 0.381268   
 312.39514406294 0.380486   
 312.37886839637 0.379426   
 312.36259442563 0.378678   
 312.34632215045 0.377802   
 312.33005157056 0.376402   
 312.3137826857 0.370576   
 312.2975154956 0.374498   
 312.28125 0.374253   
 312.26498619864 0.373435   
 312.24872409124 0.372175   
 312.23246367755 0.367306   
 312.2162049573 0.370303   
 312.19994793023 0.369912   
 312.18369259606 0.369147   
 312.16743895455 0.368261   
 312.15118700541 0.367316   
 312.1349367484 0.366334   
 312.11868818324 0.365325   
 312.10244130967 0.364295   
 312.08619612742 0.363246   
 312.06995263624 0.362181   
 312.05371083585 0.3611   
 312.037470726 0.360005   
 312.02123230641 0.358896   
 312.00499557683 0.357773   
 311.988760537 0.356636   
 311.97252718664 0.355485   
 311.95629552549 0.354319   
 311.9400655533 0.353135   
 311.9238372698 0.351932   
 311.90761067471 0.350699   
 311.89138576779 0.349417   
 311.87516254876 0.348012   
 311.85894101737 0.345875   
 311.84272117335 0.345273   
 311.82650301643 0.344415   
 311.81028654636 0.34328   
 311.79407176287 0.342067   
 311.7778586657 0.340814   
 311.76164725458 0.339535   
 311.74543752925 0.338234   
 311.72922948945 0.336912   
 311.71302313491 0.33557   
 311.69681846538 0.334205   
 311.68061548058 0.33281   
 311.66441418027 0.33135   
 311.64821456417 0.329883   
 311.63201663202 0.328506   
 311.61582038356 0.327018   
 311.59962581852 0.325457   
 311.58343293665 0.323803   
 311.56724173768 0.322002   
 311.55105222136 0.319933   
 311.53486438741 0.317275   
 311.51867823557 0.312766   
 311.50249376559 0.302495   
 311.48631097719 0.311159   
 311.47012987013 0.311924   
 311.45395044413 0.311426   
 311.43777269894 0.31047   
 311.42159663429 0.309291   
 311.40542224992 0.307987   
 311.38924954557 0.306601   
 311.37307852098 0.30516   
 311.35690917588 0.303676   
 311.34074151002 0.302158   
 311.32457552313 0.300611   
 311.30841121495 0.29904   
 311.29224858522 0.297446   
 311.27608763368 0.295831   
 311.25992836007 0.294196   
 311.24377076412 0.292543   
 311.22761484557 0.290871   
 311.21146060417 0.289181   
 311.19530803965 0.287473   
 311.17915715175 0.285747   
 311.16300794021 0.284005   
 311.14686040477 0.282244   
 311.13071454517 0.280466   
 311.11457036115 0.27867   
 311.09842785244 0.276857   
 311.08228701878 0.275025   
 311.06614785992 0.273176   
 311.0500103756 0.271308   
 311.03387456554 0.269422   
 311.01774042951 0.267517   
 311.00160796722 0.265594   
 310.98547717842 0.263651   
 310.96934806286 0.261689   
 310.95322062027 0.259708   
 310.93709485039 0.257706   
 310.92097075296 0.255684   
 310.90484832772 0.253642   
 310.88872757441 0.251579   
 310.87260849277 0.249494   
 310.85649108254 0.247386   
 310.84037534346 0.245255   
 310.82426127527 0.243098   
 310.80814887772 0.240907   
 310.79203815053 0.238626   
 310.77592909345 0.236436   
 310.75982170623 0.234228   
 310.7437159886 0.231921   
 310.7276119403 0.229353   
 310.71150956107 0.227205   
 310.69540885066 0.225038   
 310.6793098088 0.222724   
 310.66321243523 0.220347   
 310.6471167297 0.217892   
 310.63102269195 0.214913   
 310.61493032171 0.213009   
 310.59883961873 0.210625   
 310.58275058275 0.208156   
 310.56666321351 0.205644   
 310.55057751075 0.203096   
 310.53449347421 0.200506   
 310.51841110363 0.197789   
 310.50233039876 0.195258   
 310.48625135933 0.192644   
 310.47017398509 0.189975   
 310.45409827577 0.187273   
 310.43802423113 0.184541   
 310.42195185089 0.18178   
 310.40588113481 0.178992   
 310.38981208262 0.176175   
 310.37374469407 0.173332   
 310.35767896889 0.170461   
 310.34161490683 0.167562   
 310.32555250763 0.164637   
 310.30949177104 0.161685   
 310.29343269679 0.158706   
 310.27737528462 0.155701   
 310.26131953428 0.15267   
 310.24526544551 0.149614   
 310.22921301806 0.146533   
 310.21316225166 0.143427   
 310.19711314605 0.140297   
 310.18106570098 0.137144   
 310.1650199162 0.133969   
 310.14897579143 0.130772   
 310.13293332644 0.127555   
 310.11689252095 0.124319   
 310.10085337471 0.121064   
 310.08481588746 0.117793   
 310.06878005895 0.114506   
 310.05274588892 0.111205   
 310.03671337711 0.107892   
 310.02068252327 0.104568   
 310.00465332713 0.101235   
 309.98862578844 0.0978939   
 309.97259990694 0.09454   
 309.95657568238 0.091111   
 309.9405531145 0.0878681   
 309.92453220304 0.0845512   
 309.90851294774 0.0812339   
 309.89249534836 0.0779253   
 309.87647940462 0.0746306   
 309.86046511628 0.0713542   
 309.84445248308 0.0681002   
 309.82844150475 0.0648731   
 309.81243218106 0.0616771   
 309.79642451173 0.058517   
 309.78041849651 0.0553973   
 309.76441413515 0.0523229   
 309.74841142739 0.049299   
 309.73241037297 0.0463303   
 309.71641097164 0.0434223   
 309.70041322314 0.04058   
 309.68441712721 0.0378075   
 309.66842268361 0.0351135   
 309.65242989206 0.0324995   
 309.63643875232 0.0299716   
 309.62044926414 0.0275344   
 309.60446142724 0.0251923   
 309.58847524139 0.0229494   
 309.57249070632 0.0208091   
 309.55650782178 0.0187743   
 309.54052658751 0.0168467   
 309.52454700325 0.0150266   
 309.50856906876 0.0133098   
 309.49259278377 0.0116653   
 309.47661814803 0.0102054   
 309.46064516129 8.8887E-03   
 309.44467382329 7.63706E-03   
 309.42870413377 6.47341E-03   
 309.41273609248 5.39159E-03   
 309.39676969916 4.37348E-03   
 309.38080495356 3.38086E-03   
 309.36484185543 2.31624E-03   
 309.3488804045 8.17489E-04   
 309.33292060053 1.37421E-03   
 309.31696244325 1.5245E-03   
 309.30100593242 1.3942E-03   
 309.28505106778 1.19209E-03   
 309.26909784907 9.80174E-04   
 309.25314627605 7.73663E-04   
 309.23719634844 4.96971E-04   
 309.22124806601 4.90095E-04   
 309.2053014285 4.01716E-04   
 309.18935643564 3.1852E-04   
 309.1734130872 2.48957E-04   
 309.1574713829 1.92876E-04   
 309.14153132251 1.48511E-04   
 309.12559290575 1.13824E-04   
 309.10965613239 8.67945E-05   
 309.09372100217 6.6085E-05   
 309.07778751482 4.96325E-05   
 309.0618556701 3.44545E-05   
 309.04592546776 2.84524E-05   
 309.02999690754 2.26714E-05   
 309.01406998918 1.63678E-05   
 308.99814471243 1.32759E-05   
 308.98222107704 9.37113E-06   
 308.96629908276 4.00657E-06   
 308.95037872932 6.56937E-06   
 308.93446001649 1.10703E-05   
 308.918542944 1.51647E-05   
 308.90262751159 1.97335E-05   
 308.88671371903 2.52721E-05   
 308.87080156604 3.21866E-05   
 308.85489105239 4.11465E-05   
 308.83898217781 5.24573E-05   
 308.82307494206 6.58464E-05   
 308.80716934487 8.49235E-05   
 308.791265386 1.12331E-04   
 308.7753630652 1.45831E-04   
 308.7594623822 1.88197E-04   
 308.74356333677 2.41721E-04   
 308.72766592863 3.08896E-04   
 308.71177015755 3.92502E-04   
 308.69587602327 4.95602E-04   
 308.67998352554 6.21511E-04   
 308.66409266409 7.73751E-04   
 308.64820343869 9.5598E-04   
 308.63231584908 1.17191E-03   
 308.616429895 1.42523E-03   
 308.6005455762 1.71949E-03   
 308.58466289243 2.05802E-03   
 308.56878184345 2.44383E-03   
 308.55290242898 2.87952E-03   
 308.53702464879 3.36723E-03   
 308.52114850262 3.90855E-03   
 308.50527399022 4.50449E-03   
 308.48940111134 5.15544E-03   
 308.47352986572 5.86118E-03   
 308.45766025311 6.62085E-03   
 308.44179227327 7.433E-03   
 308.42592592593 8.29557E-03   
 308.41006121084 9.20597E-03   
 308.39419812776 0.0101611   
 308.37833667644 0.0111573   
 308.36247685661 0.0121907   
 308.34661866804 0.0132567   
 308.33076211046 0.0143506   
 308.31490718363 0.015467   
 308.29905388729 0.0166001   
 308.28320222119 0.0177436   
 308.26735218509 0.0188903   
 308.25150377873 0.0200315   
 308.23565700185 0.021156   
 308.21981185421 0.0222435   
 308.20396833556 0.0232978   
 308.18812644564 0.0242766   
 308.17228618421 0.0251209   
 308.15644755101 0.0257321   
 308.14061054579 0.0258716   
 308.1247751683 0.0247995   
 308.10894141829 0.0178903   
 308.09310929551 0.0251583   
 308.07727879971 0.0293127   
 308.06144993064 0.0316815   
 308.04562268804 0.033412   
 308.02979707167 0.0348759   
 308.01397308127 0.036159   
 307.9981507166 0.0373124   
 307.9823299774 0.0383707   
 307.96651086342 0.0393507   
 307.95069337442 0.0402607   
 307.93487751014 0.0411021   
 307.91906327034 0.041864   
 307.90325065475 0.0425047   
 307.88743966314 0.04318   
 307.87163029525 0.0434914   
 307.85582255083 0.0435979   
 307.84001642963 0.0449817   
 307.82421193141 0.0456981   
 307.80840905591 0.046268   
 307.79260780287 0.0467584   
 307.77680817207 0.047189   
 307.76101016323 0.0475672   
 307.74521377611 0.0478963   
 307.72941901047 0.0481774   
 307.71362586605 0.04841   
 307.6978343426 0.0485919   
 307.68204443988 0.0487176   
 307.66625615764 0.0487737   
 307.65046949561 0.0487142   
 307.63468445357 0.0485732   
 307.61890103125 0.0488191   
 307.6031192284 0.0491211   
 307.58733904479 0.0490165   
 307.57156048015 0.0493631   
 307.55578353424 0.0494418   
 307.54000820681 0.0494546   
 307.52423449762 0.0494219   
 307.5084624064 0.0493509   
 307.49269193292 0.0492443   
 307.47692307692 0.0491018   
 307.46115583816 0.0489121   
 307.44539021639 0.0486984   
 307.42962621135 0.0485317   
 307.41386382281 0.0483063   
 307.3981030505 0.0480493   
 307.38234389419 0.0477666   
 307.36658635362 0.0474605   
 307.35083042854 0.0471323   
 307.33507611871 0.046783   
 307.31932342389 0.0464133   
 307.30357234381 0.0460236   
 307.28782287823 0.0456135   
 307.27207502691 0.0451811   
 307.25632878959 0.044719   
 307.24058416603 0.0441854   
 307.22484115597 0.0436577   
 307.20909975918 0.0433075   
 307.19335997541 0.0428437   
 307.1776218044 0.042348   
 307.1618852459 0.0418323   
 307.14615029968 0.0412998   
 307.13041696547 0.0407513   
 307.11468524305 0.0401853   
 307.09895513215 0.0395916   
 307.08322663252 0.0390007   
 307.06749974393 0.0383856   
 307.05177446612 0.0377192   
 307.03605079885 0.0369543   
 307.02032874187 0.0358238   
 307.00460829493 0.0352579   
 306.98888945779 0.0351307   
 306.97317223019 0.0346414   
 306.95745661189 0.0340236   
 306.94174260264 0.0332707   
 306.9260302022 0.0321161   
 306.91031941032 0.0312538   
 306.89461022675 0.0314574   
 306.87890265124 0.0310775   
 306.86319668356 0.0305715   
 306.84749232344 0.0300167   
 306.83178957065 0.0294383   
 306.81608842493 0.028847   
 306.80038888605 0.0282484   
 306.78469095375 0.0276456   
 306.76899462778 0.0270406   
 306.75329990791 0.0264349   
 306.73760679388 0.0258296   
 306.72191528545 0.0252254   
 306.70622538237 0.024623   
 306.6905370844 0.0240231   
 306.67485039128 0.0234261   
 306.65916530278 0.0228325   
 306.64348181865 0.0222427   
 306.62779993863 0.0216571   
 306.61211966249 0.0210761   
 306.59644098998 0.0205   
 306.58076392085 0.0199291   
 306.56508845485 0.0193638   
 306.54941459175 0.0188042   
 306.53374233129 0.0182507   
 306.51807167323 0.0177036   
 306.50240261732 0.0171631   
 306.48673516332 0.0166294   
 306.47106931098 0.0161027   
 306.45540506006 0.0155832   
 306.4397424103 0.015071   
 306.42408136148 0.0145663   
 306.40842191333 0.014069   
 306.39276406561 0.0135788   
 306.37710781809 0.0130943   
 306.36145317051 0.0126082   
 306.34580012262 0.0121605   
 306.33014867419 0.0117295   
 306.31449882497 0.0112977   
 306.29885057471 0.0108721   
 306.28320392317 0.0104538   
 306.2675588701 0.0100434   
 306.25191541526 9.64093E-03   
 306.2362735584 9.24517E-03   
 306.22063329928 8.86122E-03   
 306.20499463766 8.48649E-03   
 306.18935757328 8.12097E-03   
 306.17372210591 7.76696E-03   
 306.15808823529 7.41983E-03   
 306.14245596119 7.08391E-03   
 306.12682528337 6.75654E-03   
 306.11119620156 6.4338E-03   
 306.09556871554 6.12672E-03   
 306.07994282505 5.81403E-03   
 306.06431852986 5.52715E-03   
 306.04869582972 5.23872E-03   
 306.03307472438 4.90022E-03   
 306.0174552136 4.68873E-03   
 306.00183729713 4.45655E-03   
 305.98622097474 4.21436E-03   
 305.97060624617 3.97211E-03   
 305.95499311119 3.72973E-03   
 305.93938156955 3.48103E-03   
 305.923771621 3.20528E-03   
 305.90816326531 2.79787E-03   
 305.89255650222 2.54572E-03   
 305.8769513315 2.64656E-03   
 305.86134775289 2.55049E-03   
 305.84574576617 2.41849E-03   
 305.83014537108 2.27786E-03   
 305.81454656738 2.13705E-03   
 305.79894935482 1.99943E-03   
 305.78335373317 1.86647E-03   
 305.76775970218 1.73878E-03   
 305.7521672616 1.61629E-03   
 305.7365764112 1.4999E-03   
 305.72098715072 1.39177E-03   
 305.70539947994 1.28827E-03   
 305.68981339859 1.19019E-03   
 305.67422890645 1.09707E-03   
 305.65864600326 1.01059E-03   
 305.64306468879 9.28907E-04   
 305.62748496279 8.52194E-04   
 305.61190682502 7.80349E-04   
 305.59633027523 7.132E-04   
 305.58075531318 6.50563E-04   
 305.56518193864 5.92246E-04   
 305.54961015135 5.38058E-04   
 305.53403995108 4.87805E-04   
 305.51847133758 4.41295E-04   
 305.50290431061 3.98339E-04   
 305.48733886992 3.58749E-04   
 305.47177501528 3.22339E-04   
 305.45621274645 2.8893E-04   
 305.44065206317 2.58342E-04   
 305.42509296521 2.30405E-04   
 305.40953545232 2.04949E-04   
 305.39397952427 1.81812E-04   
 305.37842518081 1.60836E-04   
 305.3628724217 1.4187E-04   
 305.34732124669 1.24766E-04   
 305.33177165555 1.09385E-04   
 305.31622364803 9.55918E-05   
 305.30067722389 8.32588E-05   
 305.28513238289 7.22635E-05   
 305.26958912479 6.24888E-05   
 305.25404744934 5.38224E-05   
 305.23850735631 4.61522E-05   
 305.22296884545 3.93492E-05   
 305.20743191652 3.30621E-05   
 305.19189656928 2.82982E-05   
 305.17636280348 2.39996E-05   
 305.16083061889 2.01767E-05   
 305.14530001527 1.68495E-05   
 305.12977099237 1.39746E-05   
 305.11424354995 1.15005E-05   
 305.09871768777 9.37583E-06   
 305.08319340559 7.55002E-06   
 305.06767070316 5.97131E-06   
 305.05214958026 4.58043E-06   
 305.03663003663 3.28973E-06   
 305.02111207204 1.88847E-06   
 305.00559568623 1.1719E-06   
 304.99008087899 1.60216E-06   
 304.97456765005 1.4858E-06   
 304.95905599919 1.26087E-06   
 304.94354592615 1.02948E-06   
 304.92803743071 8.21514E-07   
 304.91253051261 6.43882E-07   
 304.89702517162 4.95692E-07   
 304.88152140751 3.8506E-07   
 304.86601922001 2.93507E-07   
 304.85051860891 2.21272E-07   
 304.83501957395 1.65148E-07   
 304.8195221149 1.2205E-07   
 304.80402623151 8.92896E-08   
 304.78853192355 6.47069E-08   
 304.77303919077 4.64322E-08   
 304.75754803294 3.29629E-08   
 304.74205844981 2.31487E-08   
 304.72657044115 1.6076E-08   
 304.71108400671 1.1036E-08   
 304.69559914625 7.4857E-09   
 304.68011585955 5.0143E-09   
 304.66463414634 3.31484E-09   
 304.6491540064 2.16056E-09   
 304.63367543949 1.38511E-09   
 304.61819844536 8.73602E-10   
 304.60272302378 5.54602E-10   
 304.5872491745 3.43985E-10   
 304.57177689729 2.09609E-10   
 304.5563061919 1.25505E-10   
 304.54083705811 7.3792E-11   
 304.52536949566 4.26092E-11   
 304.50990350432 2.41433E-11   
 304.49443908385 1.34045E-11   
 304.478976234 7.28754E-12   
 304.46351495455 3.87619E-12   
 304.44805524525 2.01512E-12   
 304.43259710586 1.0228E-12   
 304.41714053615 5.06306E-13   
 304.40168553587 2.44378E-13   
 304.38623210478 1.14748E-13   
 304.37078024265 5.2363E-14   
 304.35532994924 2.31874E-14   
 304.3398812243 9.92998E-15   
 304.32443406761 4.14103E-15   
 304.30898847891 1.66472E-15   
 304.29354445798 6.45496E-16   
 304.27810200457 2.41336E-16   
 304.26266111844 8.67679E-17   
 304.24722179936 2.99507E-17   
 304.23178404709 9.90799E-18   
 304.21634786138 3.1351E-18   
 304.20091324201 9.46942E-19   
 304.18548018873 2.72443E-19   
 304.1700487013 7.44983E-20   
 304.15461877949 1.93165E-20   
 304.13919042305 4.73777E-21   
 304.12376363175 1.09642E-21   
 304.10833840536 2.38772E-22   
 304.09291474362 4.87904E-23   
 304.07749264631 9.32355E-24   
 304.06207211319 1.65807E-24   
 304.04665314402 2.69671E-25   
 304.03123573855 4.2142E-26   
 304.01581989656 6.11879E-27   
 304.00040561781 8.11527E-28   
 303.98499290205 9.87898E-29   
 303.96958174905 1.10216E-29   
 303.95417215857 1.12419E-30   
 303.93876413038 1.04559E-31   
 303.92335766423 8.84403E-33   
 303.9079527599 6.7859E-34   
 303.89254941713 4.71189E-35   
 303.8771476357 2.95415E-36   
 303.86174741537 1.66788E-37   
 303.84634875589 8.482E-39   
 303.83095165704 3.8941E-40   
 303.81555611857 1.60421E-41   
 303.80016214025 5.94151E-43   
 303.78476972184 1.96182E-44   
 303.76937886311 0   
 303.75398956381 0   
 303.73860182371 0   
 303.72321564257 0   
 303.70783102016 0   
 303.69244795624 0   
 303.67706645057 0   
 303.66168650291 0   
 303.64630811304 0   
 303.6309312807 0   
 303.61555600567 0   
 303.60018228771 0   
 303.58481012658 0   
 303.56943952205 0   
 303.55407047388 0   
 303.53870298183 0   
 303.52333704566 0   
 303.50797266515 0   
 303.49260984005 0   
 303.47724857013 0   
 303.46188885515 0   
 303.44653069487 0   
 303.43117408907 0   
 303.4158190375 0   
 303.40046553993 0   
 303.38511359611 0   
 303.36976320583 0   
 303.35441436883 0   
 303.33906708489 0   
 303.32372135377 0   
 303.30837717523 0   
 303.29303454904 0   
 303.27769347496 0   
 303.26235395276 0   
 303.2470159822 0   
 303.23167956304 0   
 303.21634469505 0   
 303.201011378 0   
 303.18567961165 0   
 303.17034939576 0   
 303.1550207301 0   
 303.13969361444 0   
 303.12436804853 9.80909E-45   
 303.10904403215 2.99878E-43   
 303.09372156506 8.14435E-42   
 303.07840064702 1.98675E-40   
 303.0630812778 4.36027E-39   
 303.04776345716 8.61265E-38   
 303.03244718488 1.53246E-36   
 303.01713246071 2.45952E-35   
 303.00181928441 3.5666E-34   
 302.98650765577 4.68272E-33   
 302.97119757453 5.57933E-32   
 302.95588904047 6.04784E-31   
 302.94058205335 5.98014E-30   
 302.92527661294 5.40919E-29   
 302.90997271901 4.48866E-28   
 302.89467037131 3.42711E-27   
 302.87936956961 2.4146E-26   
 302.86407031368 1.57447E-25   
 302.84877260329 9.52686E-25   
 302.8334764382 5.36938E-24   
 302.81818181818 2.82572E-23   
 302.80288874299 1.39187E-22   
 302.7875972124 6.43552E-22   
 302.77230722618 2.80052E-21   
 302.75701878408 1.14995E-20   
 302.74173188589 4.46659E-20   
 302.72644653135 1.64499E-19   
 302.71116272025 5.75758E-19   
 302.69588045234 1.91938E-18   
 302.6805997274 6.1073E-18   
 302.66532054518 1.85859E-17   
 302.65004290546 5.42019E-17   
 302.634766808 1.51756E-16   
 302.61949225256 4.08657E-16   
 302.60421923892 1.0602E-15   
 302.58894776684 2.65428E-15   
 302.57367783609 6.42252E-15   
 302.55840944643 1.50422E-14   
 302.54314259764 3.41492E-14   
 302.52787728947 7.52486E-14   
 302.5126135217 1.61148E-13   
 302.49735129408 3.35809E-13   
 302.4820906064 6.81725E-13   
 302.46683145841 1.34976E-12   
 302.45157384988 2.6091E-12   
 302.43631778058 4.92882E-12   
 302.42106325028 9.10776E-12   
 302.40581025874 1.64772E-11   
 302.39055880573 2.92072E-11   
 302.37530889102 5.07419E-11   
 302.36006051437 8.62726E-11   
 302.34481367556 1.45212E-10   
 302.32956837434 2.40991E-10   
 302.3143246105 3.92615E-10   
 302.29908238379 6.29252E-10   
 302.28384169398 9.93086E-10   
 302.26860254083 1.5444E-09   
 302.25336492413 2.36816E-09   
 302.23812884363 3.58243E-09   
 302.22289429911 5.34907E-09   
 302.20766129032 7.88706E-09   
 302.19242981705 1.14888E-08   
 302.17719987904 1.65396E-08   
 302.16197147609 2.35404E-08   
 302.14674460794 3.31337E-08   
 302.13151927438 4.61294E-08   
 302.11629547516 6.35279E-08   
 302.10107321006 8.65141E-08   
 302.08585247884 1.1645E-07   
 302.07063328127 1.55185E-07   
 302.05541561713 2.03855E-07   
 302.04019948617 2.62367E-07   
 302.02498488817 3.24981E-07   
 302.0097718229 3.4783E-07   
 301.99456029012 4.81531E-07   
 301.9793502896 7.10904E-07   
 301.96414182111 9.49145E-07   
 301.94893488442 1.2277E-06   
 301.9337294793 1.55851E-06   
 301.91852560552 1.94858E-06   
 301.90332326284 2.45379E-06   
 301.88812245103 3.04577E-06   
 301.87292316987 3.74907E-06   
 301.85772541912 4.583E-06   
 301.84252919855 5.56733E-06   
 301.82733450793 6.72326E-06   
 301.81214134703 8.07363E-06   
 301.79694971561 9.64292E-06   
 301.78175961345 1.14571E-05   
 301.76657104031 1.35436E-05   
 301.75138399597 1.59308E-05   
 301.7361984802 1.86477E-05   
 301.72101449275 2.17235E-05   
 301.70583203341 2.51864E-05   
 301.69065110194 2.90624E-05   
 301.67547169811 3.33733E-05   
 301.66029382169 3.81337E-05   
 301.64511747246 4.33454E-05   
 301.62994265017 4.89896E-05   
 301.6147693546 5.50108E-05   
 301.59959758551 6.12891E-05   
 301.58442734269 6.75831E-05   
 301.56925862589 7.34076E-05   
 301.55409143489 7.77363E-05   
 301.53892576946 7.81612E-05   
 301.52376162937 6.78052E-05   
 301.50859901438 1.5354E-05   
 301.49343792427 8.33758E-05   
 301.47827835881 1.18982E-04   
 301.46312031776 1.46218E-04   
 301.4479638009 1.70482E-04   
 301.432808808 1.93482E-04   
 301.41765533883 2.15048E-04   
 301.40250339315 2.35811E-04   
 301.38735297074 2.63277E-04   
 301.37220407137 3.01012E-04   
 301.35705669481 3.38098E-04   
 301.34191084083 3.77075E-04   
 301.3267665092 4.18634E-04   
 301.31162369968 4.63133E-04   
 301.29648241206 5.10754E-04   
 301.2813426461 5.61566E-04   
 301.26620440157 6.16785E-04   
 301.25106767824 6.75201E-04   
 301.23593247588 7.36932E-04   
 301.22079879427 8.01312E-04   
 301.20566663318 8.66162E-04   
 301.19053599236 9.22655E-04   
 301.17540687161 9.31327E-04   
 301.16027927068 1.09519E-03   
 301.14515318935 1.2118E-03   
 301.13002862739 1.32364E-03   
 301.11490558457 1.43567E-03   
 301.09978406066 1.54383E-03   
 301.08466405544 1.6027E-03   
 301.06954556867 1.77834E-03   
 301.05442860012 1.9597E-03   
 301.03931314957 2.12501E-03   
 301.02419921679 2.29277E-03   
 301.00908680155 2.46673E-03   
 300.99397590361 2.64831E-03   
 300.97886652276 2.83825E-03   
 300.96375865877 3.03698E-03   
 300.9486523114 3.24485E-03   
 300.93354748043 3.46211E-03   
 300.91844416562 3.68898E-03   
 300.90334236676 3.92565E-03   
 300.88824208361 4.17229E-03   
 300.87314331594 4.42904E-03   
 300.85804606353 4.69605E-03   
 300.84295032614 4.97345E-03   
 300.82785610356 5.26134E-03   
 300.81276339554 5.55984E-03   
 300.79767220188 5.86903E-03   
 300.78258252232 6.18901E-03   
 300.76749435666 6.51985E-03   
 300.75240770465 6.86161E-03   
 300.73732256608 7.21436E-03   
 300.72223894072 7.57814E-03   
 300.70715682833 7.95298E-03   
 300.69207622869 8.33889E-03   
 300.67699714157 8.73587E-03   
 300.66191956674 9.14389E-03   
 300.64684350399 9.56283E-03   
 300.63176895307 9.99248E-03   
 300.61669591376 0.0104323   
 300.60162438584 0.0108803   
 300.58655436908 0.0113159   
 300.57148586324 0.0118092   
 300.55641886811 0.0122913   
 300.54135338346 0.0127569   
 300.52628940905 0.0131821   
 300.51122694467 0.0138016   
 300.49616599008 0.0143447   
 300.48110654505 0.0148675   
 300.46604860937 0.0153909   
 300.4509921828 0.0160136   
 300.43593726512 0.0166026   
 300.4208838561 0.0171945   
 300.40583195551 0.0177939   
 300.39078156313 0.0184018   
 300.37573267872 0.0190183   
 300.36068530207 0.0196427   
 300.34563943295 0.0202737   
 300.33059507113 0.0209078   
 300.31555221638 0.0215345   
 300.30051086848 0.0220886   
 300.28547102719 0.0227684   
 300.27043269231 0.0235147   
 300.25539586359 0.0241346   
 300.24036054081 0.0248922   
 300.22532672375 0.02557   
 300.21029441218 0.0259486   
 300.19526360587 0.0269446   
 300.1802343046 0.0277389   
 300.16520650814 0.0285353   
 300.15018021626 0.0293002   
 300.13515542874 0.0300411   
 300.12013214536 0.0307618   
 300.10511036588 0.0314465   
 300.09009009009 0.0320212   
 300.07507131775 0.0327245   
 300.06005404864 0.0338393   
 300.04503828254 0.0348027   
 300.03002401922 0.0357304   
 300.01501125844 0.0366443   
 300 0.0375524   
 299.98499024366 0.038458   
 299.96998198919 0.0393623   
 299.95497523638 0.0402632   
 299.93996998499 0.0411459   
 299.92496623481 0.0418583   
 299.90996398559 0.0429943   
 299.89496323713 0.0439467   
 299.8799639892 0.0448873   
 299.86496624156 0.0458273   
 299.849969994 0.0467689   
 299.83497524629 0.0477125   
 299.8199819982 0.0486571   
 299.80499024951 0.0496003   
 299.79 0.0505359   
 299.77501124944 0.0514466   
 299.7600239976 0.0522541   
 299.74503824426 0.0526666   
 299.7300539892 0.0542768   
 299.71507123219 0.0553676   
 299.70008997301 0.0563942   
 299.68511021143 0.0573982   
 299.67013194722 0.0583871   
 299.65515518017 0.0593561   
 299.64017991004 0.0602835   
 299.62520613662 0.0610855   
 299.61023385968 0.0610555   
 299.595263079 0.0628119   
 299.58029379434 0.06427   
 299.5653260055 0.0654417   
 299.55035971223 0.0665427   
 299.53539491432 0.0676171   
 299.52043161155 0.0686797   
 299.50546980369 0.0697365   
 299.49050949051 0.0707904   
 299.47555067179 0.0718429   
 299.46059334732 0.0728945   
 299.44563751686 0.0739457   
 299.43068318018 0.0749964   
 299.41573033708 0.0760466   
 299.40077898732 0.0770959   
 299.38582913067 0.0781441   
 299.37088076693 0.0791905   
 299.35593389585 0.0802345   
 299.34098851722 0.0812752   
 299.32604463082 0.0823112   
 299.31110223642 0.0833409   
 299.2961613338 0.0843619   
 299.28122192273 0.0853703   
 299.26628400299 0.0863602   
 299.25134757437 0.0873212   
 299.23641263662 0.0882338   
 299.22147918954 0.0890562   
 299.2065472329 0.0896808   
 299.19161676647 0.0897153   
 299.17668779003 0.0845757   
 299.16176030336 0.0915439   
 299.14683430624 0.093679   
 299.13190979844 0.0951397   
 299.11698677975 0.0963799   
 299.10206524993 0.0975163   
 299.08714520876 0.0985912   
 299.07222665603 0.0996222   
 299.0573095915 0.100615   
 299.04239401496 0.10157   
 299.02747992619 0.102473   
 299.01256732496 0.103306   
 298.99765621104 0.104147   
 298.98274658422 0.104827   
 298.96783844428 0.105313   
 298.95293179099 0.105766   
 298.93802662412 0.105588   
 298.92312294346 0.10384   
 298.90822074879 0.0967409   
 298.89332003988 0.0987851   
 298.87842081651 0.106825   
 298.86352307846 0.109712   
 298.8486268255 0.111106   
 298.83373205742 0.111114   
 298.81883877398 0.108377   
 298.80394697498 0.110279   
 298.78905666019 0.104484   
 298.77416782938 0.115298   
 298.75928048234 0.118354   
 298.74439461883 0.120534   
 298.72951023865 0.122138   
 298.71462734157 0.123613   
 298.69974592737 0.125118   
 298.68486599582 0.126514   
 298.6699875467 0.127852   
 298.6551105798 0.129153   
 298.64023509488 0.130425   
 298.62536109174 0.131676   
 298.61048857015 0.132908   
 298.59561752988 0.134124   
 298.58074797072 0.135323   
 298.56587989244 0.136503   
 298.55101329483 0.137658   
 298.53614817765 0.138758   
 298.5212845407 0.139541   
 298.50642238375 0.14096   
 298.49156170658 0.142284   
 298.47670250896 0.143482   
 298.46184479068 0.144646   
 298.44698855152 0.14579   
 298.43213379125 0.146922   
 298.41728050966 0.148042   
 298.40242870651 0.149154   
 298.38757838161 0.150256   
 298.37272953471 0.151348   
 298.35788216561 0.152429   
 298.34303627407 0.153492   
 298.32819185989 0.15451   
 298.31334892283 0.155541   
 298.29850746269 0.156695   
 298.28366747923 0.157778   
 298.26882897224 0.158841   
 298.2539919415 0.159892   
 298.23915638679 0.160934   
 298.22432230788 0.161967   
 298.20948970457 0.162991   
 298.19465857662 0.164005   
 298.17982892381 0.165004   
 298.16500074593 0.165956   
 298.15017404276 0.166968   
 298.13534881408 0.167984   
 298.12052505967 0.168962   
 298.1057027793 0.169918   
 298.09088197276 0.170847   
 298.07606263982 0.171731   
 298.06124478027 0.172508   
 298.0464283939 0.172657   
 298.03161348047 0.173826   
 298.01680003976 0.17503   
 298.00198807157 0.176063   
 297.98717757567 0.176787   
 297.97236855183 0.177226   
 297.95756099985 0.176982   
 297.9427549195 0.173515   
 297.92795031056 0.17521   
 297.91314717281 0.179922   
 297.89834550604 0.181966   
 297.88354531002 0.183403   
 297.86874658453 0.184605   
 297.85394932936 0.185691   
 297.83915354428 0.186711   
 297.82435922909 0.187687   
 297.80956638355 0.188633   
 297.79477500745 0.189555   
 297.77998510057 0.190458   
 297.76519666269 0.191343   
 297.7504096936 0.192213   
 297.73562419307 0.193068   
 297.72084016088 0.193908   
 297.70605759682 0.194732   
 297.69127650067 0.19554   
 297.67649687221 0.196329   
 297.66171871121 0.197098   
 297.64694201747 0.197839   
 297.63216679077 0.19854   
 297.61739303087 0.199106   
 297.60262073758 0.199833   
 297.58784991066 0.200415   
 297.5730805499 0.200801   
 297.55831265509 0.200715   
 297.54354622599 0.197444   
 297.52878126241 0.201392   
 297.5140177641 0.202894   
 297.49925573087 0.203894   
 297.48449516249 0.204619   
 297.46973605874 0.205314   
 297.45497841941 0.205861   
 297.44022224427 0.206356   
 297.42546753311 0.206698   
 297.41071428571 0.206917   
 297.39596250186 0.206999   
 297.38121218133 0.206911   
 297.36646332391 0.206597   
 297.35171592938 0.205952   
 297.33696999752 0.20474   
 297.32222552812 0.202406   
 297.30748252095 0.200785   
 297.2927409758 0.199191   
 297.27800089246 0.195373   
 297.2632622707 0.188999   
 297.24852511031 0.17822   
 297.23378941106 0.158316   
 297.21905517276 0.113879   
 297.20432239516 0.0825152   
 297.18959107807 0.148013   
 297.17486122125 0.17465   
 297.1601328245 0.188956   
 297.1454058876 0.197905   
 297.13068041033 0.20378   
 297.11595639247 0.207834   
 297.1012338338 0.210638   
 297.08651273412 0.212422   
 297.0717930932 0.21313   
 297.05707491082 0.212094   
 297.04235818677 0.208331   
 297.02764292084 0.190426   
 297.0129291128 0.190694   
 296.99821676243 0.211524   
 296.98350586953 0.218706   
 296.96879643388 0.222343   
 296.95408845525 0.224689   
 296.93938193344 0.226271   
 296.92467686822 0.227821   
 296.90997325938 0.228968   
 296.89527110671 0.2299   
 296.88057040998 0.230656   
 296.86587116899 0.231236   
 296.8511733835 0.231585   
 296.83647705332 0.231414   
 296.82178217822 0.23221   
 296.80708875798 0.232137   
 296.7923967924 0.231924   
 296.77770628125 0.231156   
 296.76301722431 0.229206   
 296.74832962138 0.225137   
 296.73364347224 0.215976   
 296.71895877666 0.187505   
 296.70427553444 0.189652   
 296.68959374536 0.218598   
 296.6749134092 0.228977   
 296.66023452575 0.234862   
 296.6455570948 0.238588   
 296.63088111611 0.241241   
 296.61620658949 0.243287   
 296.60153351472 0.244944   
 296.58686189157 0.246259   
 296.57219171984 0.247589   
 296.55752299931 0.248796   
 296.54285572976 0.24983   
 296.52818991098 0.250632   
 296.51352554275 0.251545   
 296.49886262486 0.252539   
 296.4842011571 0.253488   
 296.46954113924 0.254308   
 296.45488257108 0.255057   
 296.44022545239 0.255727   
 296.42556978296 0.256255   
 296.41091556259 0.256146   
 296.39626279104 0.256996   
 296.38161146812 0.257924   
 296.36696159359 0.25896   
 296.35231316726 0.259561   
 296.3376661889 0.260266   
 296.3230206583 0.260936   
 296.30837657524 0.261487   
 296.29373393951 0.26195   
 296.2790927509 0.26228   
 296.26445300919 0.262213   
 296.24981471417 0.262095   
 296.23517786561 0.26324   
 296.22054246332 0.263463   
 296.20590850706 0.263243   
 296.19127599664 0.263606   
 296.17664493183 0.263541   
 296.16201531242 0.262833   
 296.1473871382 0.260955   
 296.13276040895 0.255862   
 296.11813512446 0.230378   
 296.10351128451 0.25227   
 296.08888888889 0.258163   
 296.07426793739 0.258868   
 296.05964842978 0.256033   
 296.04503036587 0.241662   
 296.03041374543 0.245423   
 296.01579856825 0.259562   
 296.00118483412 0.261193   
 295.98657254282 0.267238   
 295.97196169415 0.269473   
 295.95735228787 0.270732   
 295.94274432379 0.271646   
 295.92813780169 0.272282   
 295.91353272135 0.272978   
 295.89892908256 0.273815   
 295.88432688512 0.274307   
 295.86972612879 0.27455   
 295.85512681338 0.274881   
 295.84052893867 0.274893   
 295.82593250444 0.274703   
 295.81133751048 0.274178   
 295.79674395659 0.274729   
 295.78215184253 0.274572   
 295.76756116811 0.274006   
 295.75297193311 0.273048   
 295.73838413732 0.271557   
 295.72379778052 0.269092   
 295.7092128625 0.266164   
 295.69462938304 0.26163   
 295.68004734195 0.253518   
 295.66546673899 0.236725   
 295.65088757396 0.190051   
 295.63630984665 0.20448   
 295.62173355685 0.128627   
 295.60715870433 0.201774   
 295.5925852889 0.237349   
 295.57801331033 0.253643   
 295.56344276841 0.262078   
 295.54887366294 0.269126   
 295.53430599369 0.273517   
 295.51973976046 0.276571   
 295.50517496304 0.278343   
 295.4906116012 0.280713   
 295.47604967475 0.282416   
 295.46148918346 0.283477   
 295.44693012713 0.284109   
 295.43237250554 0.285453   
 295.41781631849 0.285737   
 295.40326156575 0.286232   
 295.38870824712 0.287121   
 295.37415636238 0.286148   
 295.35960591133 0.287427   
 295.34505689375 0.286391   
 295.33050930943 0.286382   
 295.31596315815 0.284943   
 295.30141843972 0.281573   
 295.2868751539 0.274137   
 295.2723333005 0.234602   
 295.2577928793 0.272921   
 295.24325389009 0.284398   
 295.22871633266 0.289124   
 295.21418020679 0.291784   
 295.19964551228 0.293544   
 295.18511224892 0.294835   
 295.17058041648 0.295851   
 295.15605001477 0.296691   
 295.14152104356 0.297413   
 295.12699350266 0.29805   
 295.11246739184 0.298624   
 295.0979427109 0.299148   
 295.08341945962 0.299633   
 295.0688976378 0.300086   
 295.05437724521 0.30051   
 295.03985828167 0.300911   
 295.02534074694 0.301291   
 295.01082464082 0.301651   
 294.9963099631 0.301994   
 294.98179671357 0.302319   
 294.96728489202 0.302629   
 294.95277449823 0.302923   
 294.938265532 0.303201   
 294.92375799311 0.303463   
 294.90925188136 0.303709   
 294.89474719654 0.303939   
 294.88024393843 0.30415   
 294.86574210682 0.304342   
 294.8512417015 0.304513   
 294.83674272227 0.304661   
 294.8222451689 0.304783   
 294.8077490412 0.304875   
 294.79325433895 0.304933   
 294.77876106195 0.30495   
 294.76426920997 0.304917   
 294.74977878281 0.304824   
 294.73528978027 0.304653   
 294.72080220212 0.304383   
 294.70631604817 0.30398   
 294.6918313182 0.303391   
 294.67734801199 0.302533   
 294.66286612935 0.301261   
 294.64838567006 0.299306   
 294.63390663391 0.296099   
 294.61942902069 0.290211   
 294.60495283019 0.276652   
 294.5904780622 0.206274   
 294.57600471652 0.27209   
 294.56153279293 0.285654   
 294.54706229122 0.289104   
 294.53259321118 0.287101   
 294.51812555261 0.275846   
 294.50365931529 0.21712   
 294.48919449902 0.280759   
 294.47473110358 0.292888   
 294.46026912877 0.298255   
 294.44580857438 0.301388   
 294.43134944019 0.303311   
 294.416891726 0.304586   
 294.4024354316 0.305456   
 294.38798055678 0.306041   
 294.37352710134 0.306402   
 294.35907506505 0.30656   
 294.34462444772 0.306487   
 294.33017524913 0.305939   
 294.31572746908 0.305227   
 294.30128110735 0.298436   
 294.28683616374 0.304815   
 294.27239263804 0.30511   
 294.25795053004 0.304757   
 294.24350983952 0.304057   
 294.2290705663 0.30305   
 294.21463271014 0.301709   
 294.20019627085 0.299959   
 294.18576124822 0.297684   
 294.17132764204 0.294701   
 294.15689545209 0.290725   
 294.14246467818 0.285296   
 294.12803532009 0.277631   
 294.11360737761 0.2663   
 294.09918085054 0.248433   
 294.08475573867 0.217368   
 294.07033204179 0.153388   
 294.05590975969 0.0853461   
 294.04148889216 0.190476   
 294.027069439 0.233875   
 294.01265139999 0.256723   
 293.99823477493 0.270187   
 293.98381956362 0.278508   
 293.96940576584 0.283517   
 293.95499338138 0.285843   
 293.94058241004 0.284861   
 293.92617285161 0.274987   
 293.91176470588 0.267915   
 293.89735797265 0.28511   
 293.8829526517 0.287902   
 293.86854874283 0.285769   
 293.85414624583 0.27751   
 293.8397451605 0.251031   
 293.82534548662 0.23951   
 293.81094722399 0.271151   
 293.7965503724 0.27525   
 293.78215493165 0.267503   
 293.76776090152 0.222115   
 293.75336828181 0.25078   
 293.73897707231 0.268388   
 293.72458727282 0.28091   
 293.71019888312 0.29461   
 293.69581190301 0.30106   
 293.68142633229 0.305   
 293.66704217074 0.307622   
 293.65265941816 0.309492   
 293.63827807434 0.311152   
 293.62389813908 0.312308   
 293.60951961216 0.31309   
 293.59514249339 0.312333   
 293.58076678255 0.31393   
 293.56639247944 0.311125   
 293.55201958384 0.314966   
 293.53764809556 0.315859   
 293.52327801439 0.316342   
 293.50890934012 0.31665   
 293.49454207254 0.316838   
 293.48017621145 0.316902   
 293.46581175664 0.316892   
 293.45144870791 0.316946   
 293.43708706504 0.316847   
 293.42272682784 0.316637   
 293.40836799609 0.316308   
 293.39401056958 0.315838   
 293.37965454812 0.31519   
 293.3652999315 0.314306   
 293.35094671951 0.313094   
 293.33659491194 0.311399   
 293.32224450859 0.308949   
 293.30789550925 0.305209   
 293.29354791371 0.298996   
 293.27920172178 0.28706   
 293.26485693324 0.25568   
 293.25051354788 0.225354   
 293.23617156551 0.277614   
 293.22183098592 0.29214   
 293.20749180889 0.298085   
 293.19315403423 0.300054   
 293.17881766173 0.299303   
 293.16448269118 0.295535   
 293.15014912238 0.286546   
 293.13581695512 0.263524   
 293.1214861892 0.15143   
 293.1071568244 0.266443   
 293.09282886054 0.289386   
 293.07850229739 0.299285   
 293.06417713476 0.305032   
 293.04985337243 0.30852   
 293.03553101021 0.310788   
 293.02121004789 0.312319   
 293.00689048527 0.313361   
 292.99257232213 0.314052   
 292.97825555827 0.31447   
 292.96394019349 0.31466   
 292.94962622759 0.314636   
 292.93531366035 0.314348   
 292.92100249157 0.313945   
 292.90669272106 0.313413   
 292.89238434859 0.312529   
 292.87807737397 0.31127   
 292.863771797 0.309501   
 292.84946761747 0.306959   
 292.83516483516 0.303023   
 292.82086344989 0.297612   
 292.80656346144 0.288225   
 292.79226486962 0.268374   
 292.7779676742 0.202333   
 292.763671875 0.242871   
 292.7493774718 0.276701   
 292.73508446441 0.288989   
 292.72079285261 0.294331   
 292.7065026362 0.296211   
 292.69221381499 0.295623   
 292.67792638875 0.29249   
 292.6636403573 0.285845   
 292.64935572042 0.271533   
 292.63507247791 0.233628   
 292.62079062958 0.193857   
 292.6065101752 0.261658   
 292.59223111458 0.282383   
 292.57795344752 0.292108   
 292.56367717381 0.297413   
 292.54940229324 0.300466   
 292.53512880562 0.302173   
 292.52085671074 0.302955   
 292.50658600839 0.303009   
 292.49231669838 0.302399   
 292.47804878049 0.301084   
 292.46378225452 0.298904   
 292.44951712028 0.295518   
 292.43525337755 0.290221   
 292.42099102614 0.281455   
 292.40673006584 0.265094   
 292.39247049644 0.225401   
 292.37821231775 0.174878   
 292.36395552955 0.248925   
 292.34970013165 0.270082   
 292.33544612384 0.278669   
 292.32119350592 0.281713   
 292.30694227769 0.281147   
 292.29269243894 0.27706   
 292.27844398947 0.267866   
 292.26419692908 0.248003   
 292.24995125756 0.191777   
 292.2357069747 0.19631   
 292.22146408032 0.248329   
 292.2072225742 0.266359   
 292.19298245614 0.275206   
 292.17874372594 0.279187   
 292.16450638339 0.280323   
 292.1502704283 0.279298   
 292.13603586046 0.276114   
 292.12180267966 0.270137   
 292.10757088571 0.259589   
 292.09334047839 0.239458   
 292.07911145752 0.1897   
 292.06488382288 0.16605   
 292.05065757428 0.226499   
 292.03643271151 0.243542   
 292.02220923437 0.248753   
 292.00798714265 0.246401   
 291.99376643615 0.236599   
 291.97954711468 0.215685   
 291.96532917803 0.169642   
 291.95111262599 0.0690749   
 291.93689745837 0.159261   
 291.92268367496 0.205924   
 291.90847127556 0.227232   
 291.89426025997 0.234635   
 291.88005062798 0.235118   
 291.8658423794 0.227445   
 291.85163551402 0.207578   
 291.83743003164 0.155228   
 291.82322593205 0.134863   
 291.80902321507 0.190365   
 291.79482188047 0.21067   
 291.78062192807 0.216326   
 291.76642335766 0.208433   
 291.75222616904 0.18157   
 291.73803036201 0.0860077   
 291.72383593636 0.16771   
 291.70964289189 0.198367   
 291.69545122841 0.205557   
 291.68126094571 0.199389   
 291.66707204359 0.176881   
 291.65288452184 0.109809   
 291.63869838027 0.13961   
 291.62451361868 0.173508   
 291.61033023686 0.176157   
 291.59614823461 0.1565   
 291.58196761173 0.087005   
 291.56778836802 0.129184   
 291.55361050328 0.154272   
 291.53943401731 0.147874   
 291.5252589099 0.108235   
 291.51108518086 0.0906333   
 291.49691282999 0.126143   
 291.48274185707 0.115377   
 291.46857226192 0.0461267   
 291.45440404433 0.0980876   
 291.4402372041 0.0958704   
 291.42607174103 0.0306538   
 291.41190765492 0.0787257   
 291.39774494557 0.0554717   
 291.38358361277 0.0574772   
 291.36942365633 0.0395854   
 291.35526507605 0.0433882   
 291.34110787172 0.0288338   
 291.32695204315 0.0206023   
 291.31279759013 0.0193611   
 291.29864451246 0.026341   
 291.28449280995 0.0930719   
 291.27034248239 0.138218   
 291.25619352958 0.170542   
 291.24204595133 0.194612   
 291.22789974743 0.212982   
 291.21375491767 0.227374   
 291.19961146187 0.238871   
 291.18546937983 0.24803   
 291.17132867133 0.255932   
 291.15718933618 0.26257   
 291.14305137419 0.268061   
 291.12891478514 0.271893   
 291.11477956885 0.276713   
 291.10064572511 0.280463   
 291.08651325371 0.283632   
 291.07238215447 0.286339   
 291.05825242718 0.288448   
 291.04412407165 0.290876   
 291.02999708766 0.292756   
 291.01587147503 0.294198   
 291.00174723355 0.295832   
 290.98762436302 0.297023   
 290.97350286324 0.297844   
 290.95938273402 0.29851   
 290.94526397516 0.299505   
 290.93114658644 0.299863   
 290.91703056769 0.301897   
 290.90291591868 0.302793   
 290.88880263924 0.303482   
 290.87469072915 0.304051   
 290.86058018822 0.304529   
 290.84647101625 0.304928   
 290.83236321304 0.305252   
 290.81825677839 0.305506   
 290.8041517121 0.305688   
 290.79004801397 0.305795   
 290.7759456838 0.305805   
 290.7618447214 0.305313   
 290.74774512656 0.305547   
 290.73364689909 0.305475   
 290.71955003879 0.305284   
 290.70545454545 0.304918   
 290.69136041889 0.304349   
 290.67726765889 0.302772   
 290.66317626527 0.302976   
 290.64908623782 0.302177   
 290.63499757635 0.301035   
 290.62091028065 0.299548   
 290.60682435052 0.297629   
 290.59273978578 0.29513   
 290.57865658622 0.291818   
 290.56457475164 0.287313   
 290.55049428184 0.280965   
 290.53641517662 0.271586   
 290.5223374358 0.256772   
 290.50826105916 0.230882   
 290.49418604651 0.176818   
 290.48011239766 0.0823637   
 290.46604011239 0.197751   
 290.45196919052 0.240147   
 290.43789963185 0.261809   
 290.42383143618 0.274633   
 290.40976460331 0.282925   
 290.39569913305 0.288615   
 290.38163502518 0.29269   
 290.36757227953 0.295698   
 290.35351089588 0.297963   
 290.33945087405 0.299679   
 290.32539221383 0.300959   
 290.31133491502 0.301834   
 290.29727897744 0.302083   
 290.28322440087 0.302253   
 290.26917118513 0.301038   
 290.25511933001 0.296684   
 290.24106883532 0.303125   
 290.22701970086 0.304537   
 290.21297192643 0.305647   
 290.19892551183 0.306218   
 290.18488045688 0.306587   
 290.17083676136 0.306824   
 290.15679442509 0.306951   
 290.14275344786 0.306953   
 290.12871382948 0.306753   
 290.11467556975 0.306023   
 290.10063866847 0.300536   
 290.08660312545 0.305898   
 290.07256894049 0.306911   
 290.0585361134 0.30729   
 290.04450464396 0.307468   
 290.030474532 0.307554   
 290.0164457773 0.307586   
 290.00241837969 0.307583   
 289.98839233894 0.307554   
 289.97436765488 0.307506   
 289.9603443273 0.307441   
 289.94632235601 0.307363   
 289.93230174081 0.307273   
 289.9182824815 0.307172   
 289.90426457789 0.307061   
 289.89024802978 0.306942   
 289.87623283698 0.306814   
 289.86221899927 0.306677   
 289.84820651648 0.306533   
 289.83419538841 0.306382   
 289.82018561485 0.306223   
 289.80617719561 0.306057   
 289.7921701305 0.305884   
 289.77816441931 0.305704   
 289.76416006186 0.305516   
 289.75015705794 0.305321   
 289.73615540736 0.305118   
 289.72215510993 0.304905   
 289.70815616544 0.304683   
 289.69415857371 0.30445   
 289.68016233453 0.304202   
 289.6661674477 0.303934   
 289.65217391304 0.303631   
 289.63818173035 0.303242   
 289.62419089943 0.302333   
 289.61020142008 0.302488   
 289.59621329212 0.302447   
 289.58222651533 0.302202   
 289.56824108954 0.301878   
 289.55425701454 0.301468   
 289.54027429013 0.300789   
 289.52629291612 0.300378   
 289.51231289232 0.300304   
 289.49833421853 0.299931   
 289.48435689455 0.299457   
 289.4703809202 0.2989   
 289.45640629526 0.298251   
 289.44243301955 0.297485   
 289.42846109288 0.296559   
 289.41449051504 0.295402   
 289.40052128584 0.29389   
 289.38655340509 0.291792   
 289.37258687259 0.28862   
 289.35862168814 0.28314   
 289.34465785156 0.270975   
 289.33069536264 0.222698   
 289.31673422119 0.271732   
 289.30277442702 0.281254   
 289.28881597993 0.284556   
 289.27485887972 0.284529   
 289.26090312621 0.275251   
 289.24694871919 0.28381   
 289.23299565847 0.287789   
 289.21904394385 0.289052   
 289.20509357515 0.289479   
 289.19114455216 0.2895   
 289.1771968747 0.289273   
 289.16325054256 0.288867   
 289.14930555556 0.288305   
 289.13536191349 0.287533   
 289.12141961616 0.285554   
 289.10747866339 0.286824   
 289.09353905497 0.287675   
 289.0796007907 0.288173   
 289.06566387041 0.288508   
 289.05172829388 0.288623   
 289.03779406093 0.287911   
 289.02386117137 0.288534   
 289.00992962499 0.289486   
 288.9959994216 0.289877   
 288.98207056102 0.290109   
 288.96814304304 0.290257   
 288.95421686747 0.290348   
 288.94029203412 0.290393   
 288.92636854279 0.290397   
 288.91244639329 0.290357   
 288.89852558543 0.290264   
 288.88460611901 0.29007   
 288.87068799383 0.289409   
 288.85677120971 0.289568   
 288.84285576645 0.289727   
 288.82894166386 0.289541   
 288.81502890173 0.289152   
 288.80111747989 0.287687   
 288.78720739813 0.289055   
 288.77329865626 0.289178   
 288.75939125409 0.289118   
 288.74548519143 0.288997   
 288.73158046807 0.288847   
 288.71767708383 0.288678   
 288.70377503852 0.288496   
 288.68987433194 0.288303   
 288.67597496389 0.288102   
 288.66207693419 0.287894   
 288.64818024263 0.287679   
 288.63428488904 0.287458   
 288.62039087321 0.287232   
 288.60649819495 0.287001   
 288.59260685406 0.286766   
 288.57871685036 0.286527   
 288.56482818366 0.286284   
 288.55094085375 0.286037   
 288.53705486044 0.285786   
 288.52317020355 0.285532   
 288.50928688288 0.285275   
 288.49540489823 0.285014   
 288.48152424942 0.284751   
 288.46764493625 0.284484   
 288.45376695853 0.284214   
 288.43989031606 0.283941   
 288.42601500866 0.283664   
 288.41214103612 0.283383   
 288.39826839827 0.283099   
 288.3843970949 0.282809   
 288.37052712582 0.282512   
 288.35665849084 0.282205   
 288.34279118977 0.281882   
 288.32892522241 0.281528   
 288.31506058857 0.281093   
 288.30119728807 0.280278   
 288.2873353207 0.279943   
 288.27347468628 0.280166   
 288.25961538462 0.279972   
 288.24575741551 0.279633   
 288.23190077877 0.278959   
 288.21804547421 0.279075   
 288.20419150163 0.278797   
 288.19033886085 0.278422   
 288.17648755167 0.277853   
 288.16263757389 0.27476   
 288.14878892734 0.277215   
 288.1349416118 0.277064   
 288.1210956271 0.276714   
 288.10725097304 0.276691   
 288.09340764943 0.276457   
 288.07956565608 0.27618   
 288.06572499279 0.275884   
 288.05188565938 0.275575   
 288.03804765565 0.275258   
 288.02421098141 0.27493   
 288.01037563647 0.274588   
 287.99654162063 0.274204   
 287.98270893372 0.273575   
 287.96887757552 0.273556   
 287.95504754586 0.273255   
 287.94121884455 0.272923   
 287.92739147138 0.272578   
 287.91356542617 0.272222   
 287.89974070873 0.271855   
 287.88591731886 0.271475   
 287.87209525639 0.271076   
 287.8582745211 0.270645   
 287.84445511282 0.270149   
 287.83063703135 0.269455   
 287.8168202765 0.266039   
 287.80300484808 0.268579   
 287.7891907459 0.268362   
 287.77537796976 0.267835   
 287.76156651949 0.266874   
 287.74775639487 0.262307   
 287.73394759574 0.265911   
 287.72014012189 0.266214   
 287.70633397313 0.266006   
 287.69252914927 0.265562   
 287.67872565013 0.264695   
 287.66492347551 0.263671   
 287.65112262522 0.264189   
 287.63732309906 0.26378   
 287.62352489686 0.26264   
 287.60972801842 0.263005   
 287.59593246355 0.262612   
 287.58213823205 0.262085   
 287.56834532374 0.26147   
 287.55455373843 0.260765   
 287.54076347593 0.259948   
 287.52697453604 0.258979   
 287.51318691858 0.257789   
 287.49940062335 0.256253   
 287.48561565017 0.25413   
 287.47183199885 0.250884   
 287.45804966919 0.245207   
 287.44426866101 0.232649   
 287.43048897411 0.159699   
 287.41671060831 0.231873   
 287.40293356342 0.243674   
 287.38915783924 0.248323   
 287.37538343558 0.250506   
 287.36161035226 0.251704   
 287.34783858909 0.252376   
 287.33406814588 0.25262   
 287.32029902243 0.252565   
 287.30653121855 0.252172   
 287.29276473407 0.250362   
 287.27899956878 0.251354   
 287.2652357225 0.251426   
 287.25147319504 0.251105   
 287.2377119862 0.250626   
 287.22395209581 0.250038   
 287.21019352366 0.249352   
 287.19643626958 0.248564   
 287.18268033337 0.247661   
 287.16892571483 0.246615   
 287.15517241379 0.245362   
 287.14142043006 0.243602   
 287.12766976343 0.241744   
 287.11392041373 0.239424   
 287.10017238077 0.238552   
 287.08642566435 0.236282   
 287.07268026429 0.233197   
 287.0589361804 0.229083   
 287.04519341249 0.222956   
 287.03145196036 0.216034   
 287.01771182384 0.204758   
 287.00397300273 0.185558   
 286.99023549684 0.155001   
 286.97649930599 0.0840708   
 286.96276442998 0.104012   
 286.94903086863 0.1628   
 286.93529862175 0.190239   
 286.92156768914 0.205536   
 286.90783807063 0.214897   
 286.89410976602 0.220804   
 286.88038277512 0.222808   
 286.86665709775 0.227975   
 286.85293273371 0.230655   
 286.83920968282 0.232417   
 286.82548794489 0.233617   
 286.81176751973 0.234355   
 286.79804840716 0.234463   
 286.78433060697 0.232798   
 286.770614119 0.235216   
 286.75689894304 0.235759   
 286.74318507891 0.235927   
 286.72947252642 0.235737   
 286.71576128539 0.23512   
 286.70205135562 0.232881   
 286.68834273692 0.233229   
 286.67463542912 0.232118   
 286.66092943201 0.228006   
 286.64722474542 0.217608   
 286.63352136916 0.227788   
 286.61981930303 0.231035   
 286.60611854685 0.232253   
 286.59241910043 0.232006   
 286.57872096358 0.232321   
 286.56502413612 0.230863   
 286.55132861786 0.232844   
 286.5376344086 0.232782   
 286.52394150817 0.231431   
 286.51024991638 0.231539   
 286.49655963303 0.231848   
 286.48287065794 0.230559   
 286.46918299092 0.23032   
 286.45549663179 0.230301   
 286.44181158036 0.227432   
 286.42812783643 0.229136   
 286.41444539983 0.226791   
 286.40076427036 0.227185   
 286.38708444784 0.226618   
 286.37340593208 0.225489   
 286.3597287229 0.222837   
 286.3460528201 0.226212   
 286.3323782235 0.228142   
 286.31870493291 0.22855   
 286.30503294814 0.228551   
 286.29136226902 0.228418   
 286.27769289534 0.228287   
 286.26402482693 0.228052   
 286.25035806359 0.227773   
 286.23669260515 0.227464   
 286.2230284514 0.227132   
 286.20936560218 0.226774   
 286.19570405728 0.226366   
 286.18204381652 0.225965   
 286.16838487973 0.225704   
 286.1547272467 0.225368   
 286.14107091725 0.22501   
 286.1274158912 0.224641   
 286.11376216835 0.224264   
 286.10010974853 0.223881   
 286.08645863155 0.223492   
 286.07280881721 0.223097   
 286.05916030534 0.222696   
 286.04551309575 0.22229   
 286.03186718825 0.221878   
 286.01822258265 0.221458   
 286.00457927876 0.221029   
 285.99093727641 0.220586   
 285.97729657541 0.220121   
 285.96365717556 0.219615   
 285.95001907669 0.21901   
 285.9363822786 0.218008   
 285.92274678112 0.216856   
 285.90911258404 0.21757   
 285.8954796872 0.217362   
 285.8818480904 0.216968   
 285.86821779346 0.216478   
 285.85458879619 0.215899   
 285.8409610984 0.21473   
 285.82733469991 0.215181   
 285.81370960053 0.214943   
 285.80008580009 0.214595   
 285.78646329838 0.214205   
 285.77284209523 0.213792   
 285.75922219045 0.213364   
 285.74560358385 0.212923   
 285.73198627526 0.212471   
 285.71837026447 0.212008   
 285.70475555132 0.211533   
 285.69114213561 0.211045   
 285.67753001715 0.21054   
 285.66391919577 0.210015   
 285.65030967127 0.209463   
 285.63670144348 0.208876   
 285.6230945122 0.208237   
 285.60948887724 0.207523   
 285.59588453844 0.206689   
 285.58228149559 0.205651   
 285.56867974852 0.204224   
 285.55507929704 0.201938   
 285.54148014097 0.197121   
 285.52788228011 0.175166   
 285.51428571429 0.192578   
 285.50069044331 0.199035   
 285.487096467 0.201065   
 285.47350378517 0.201851   
 285.45991239764 0.202124   
 285.44632230421 0.202139   
 285.43273350471 0.202009   
 285.41914599895 0.20179   
 285.40555978675 0.201513   
 285.39197486791 0.201196   
 285.37839124227 0.200851   
 285.36480890962 0.200484   
 285.35122786979 0.200101   
 285.33764812259 0.199704   
 285.32406966784 0.199298   
 285.31049250535 0.198883   
 285.29691663494 0.198461   
 285.28334205643 0.198032   
 285.26976876963 0.197599   
 285.25619677435 0.19716   
 285.24262607041 0.196717   
 285.22905665763 0.196271   
 285.21548853582 0.19582   
 285.2019217048 0.195366   
 285.18835616438 0.194909   
 285.17479191439 0.194448   
 285.16122895463 0.193983   
 285.14766728492 0.193514   
 285.13410690508 0.193041   
 285.12054781492 0.192561   
 285.10699001427 0.192072   
 285.09343350292 0.191564   
 285.07987828072 0.190993   
 285.06632434745 0.19036   
 285.05277170296 0.189961   
 285.03922034704 0.189169   
 285.02567027952 0.189051   
 285.01212150021 0.18863   
 284.99857400894 0.188161   
 284.9850278055 0.187668   
 284.97148288973 0.187159   
 284.95793926144 0.186634   
 284.94439692044 0.18609   
 284.93085586656 0.185521   
 284.9173160996 0.184916   
 284.90377761939 0.184252   
 284.89024042573 0.183455   
 284.87670451846 0.181745   
 284.86316989738 0.18168   
 284.84963656231 0.18049   
 284.83610451306 0.178121   
 284.82257374947 0.169033   
 284.80904427133 0.175658   
 284.79551607847 0.178115   
 284.7819891707 0.178737   
 284.76846354785 0.178812   
 284.75493920973 0.178652   
 284.74141615615 0.178369   
 284.72789438693 0.178015   
 284.71437390189 0.177614   
 284.70085470085 0.177181   
 284.68733678363 0.176723   
 284.67382015003 0.176244   
 284.66030479989 0.175741   
 284.646790733 0.175198   
 284.6332779492 0.174484   
 284.61976644831 0.174141   
 284.60625623012 0.173711   
 284.59274729448 0.173219   
 284.57923964118 0.172703   
 284.56573327005 0.172167   
 284.55222818091 0.171607   
 284.53872437358 0.170977   
 284.52522184786 0.170564   
 284.51172060359 0.170154   
 284.49822064057 0.169705   
 284.48472195863 0.16923   
 284.47122455757 0.168708   
 284.45772843723 0.167771   
 284.44423359742 0.167774   
 284.43074003795 0.167348   
 284.41724775865 0.166885   
 284.40375675932 0.166407   
 284.3902670398 0.165921   
 284.37677859989 0.165429   
 284.36329143941 0.164932   
 284.34980555819 0.164431   
 284.33632095604 0.163926   
 284.32283763278 0.163417   
 284.30935558822 0.162905   
 284.29587482219 0.16239   
 284.2823953345 0.161871   
 284.26891712498 0.16135   
 284.25544019343 0.160826   
 284.24196453968 0.160298   
 284.22849016355 0.159768   
 284.21501706485 0.159235   
 284.2015452434 0.1587   
 284.18807469902 0.158161   
 284.17460543154 0.15762   
 284.16113744076 0.157076   
 284.14767072651 0.156529   
 284.1342052886 0.15598   
 284.12074112685 0.155427   
 284.10727824109 0.154871   
 284.09381663113 0.154313   
 284.08035629679 0.153751   
 284.06689723788 0.153187   
 284.05343945424 0.152619   
 284.03998294566 0.152048   
 284.02652771198 0.151473   
 284.01307375302 0.150895   
 283.99962106859 0.150313   
 283.9861696585 0.149728   
 283.97271952259 0.149138   
 283.95927066067 0.148544   
 283.94582307255 0.147946   
 283.93237675806 0.147342   
 283.91893171702 0.146734   
 283.90548794924 0.14612   
 283.89204545455 0.1455   
 283.87860423275 0.144874   
 283.86516428369 0.144239   
 283.85172560716 0.143594   
 283.83828820299 0.142935   
 283.82485207101 0.142233   
 283.81141721102 0.141562   
 283.79798362285 0.140927   
 283.78455130632 0.140241   
 283.77112026125 0.139528   
 283.75769048746 0.138785   
 283.74426198476 0.138003   
 283.73083475298 0.137165   
 283.71740879194 0.136238   
 283.70398410145 0.135157   
 283.69056068133 0.133765   
 283.67713853142 0.131595   
 283.66371765151 0.126314   
 283.65029804144 0.122152   
 283.63687970103 0.128832   
 283.62346263009 0.129997   
 283.61004682844 0.130101   
 283.5966322959 0.129814   
 283.5832190323 0.129339   
 283.56980703746 0.128757   
 283.55639631118 0.128106   
 283.54298685331 0.127405   
 283.52957866364 0.126666   
 283.51617174201 0.125892   
 283.50276608823 0.125089   
 283.48936170213 0.124256   
 283.47595858352 0.123395   
 283.46255673222 0.122504   
 283.44915614806 0.121581   
 283.43575683086 0.120623   
 283.42235878043 0.119626   
 283.4089619966 0.118585   
 283.39556647918 0.117489   
 283.382172228 0.116323   
 283.36877924288 0.115058   
 283.35538752363 0.113623   
 283.34199707008 0.111784   
 283.32860788205 0.107355   
 283.31521995936 0.108718   
 283.30183330183 0.108104   
 283.28844790928 0.106826   
 283.27506378154 0.105248   
 283.26168091841 0.103419   
 283.24829931973 0.10128   
 283.23491898531 0.0985069   
 283.22153991497 0.0958076   
 283.20816210854 0.0935331   
 283.19478556584 0.090122   
 283.18141028669 0.0855484   
 283.1680362709 0.0781326   
 283.1546635183 0.0752362   
 283.14129202871 0.071822   
 283.12792180196 0.0617428   
 283.11455283785 0.0355818   
 283.10118513622 0.0460962   
 283.08781869688 0.0649187   
 283.07445351966 0.0728573   
 283.06108960438 0.0767123   
 283.04772695086 0.0785596   
 283.03436555891 0.0792515   
 283.02100542837 0.0791976   
 283.00764655905 0.0786118   
 282.99428895077 0.0776036   
 282.98093260336 0.0761584   
 282.96757751664 0.0745189   
 282.95422369042 0.0723681   
 282.94087112453 0.0694759   
 282.9275198188 0.0646897   
 282.91416977304 0.0506756   
 282.90082098707 0.0615127   
 282.88747346072 0.0615988   
 282.87412719381 0.0601263   
 282.86078218616 0.0580303   
 282.84743843759 0.0555752   
 282.83409594792 0.0528662   
 282.82075471698 0.0499548   
 282.80741474459 0.0468717   
 282.79407603056 0.0436398   
 282.78073857473 0.04028   
 282.76740237691 0.0368145   
 282.75406743693 0.0332693   
 282.7407337546 0.0296758   
 282.72740132975 0.0260716   
 282.7140701622 0.0225018   
 282.70074025178 0.0190186   
 282.6874115983 0.0156809   
 282.67408420159 0.0125519   
 282.66075806147 9.69586E-03   
 282.64743317777 7.17278E-03   
 282.6341095503 5.03185E-03   
 282.62078717888 3.30385E-03   
 282.60746606335 1.99418E-03   
 282.59414620352 1.07829E-03   
 282.58082759921 5.01986E-04   
 282.56751025025 1.88162E-04   
 282.55419415646 4.9875E-05   
 282.54087931766 6.69027E-06   
 282.52756573367 9.68387E-08   
 282.51425340433 1.27277E-07   
 282.50094232944 7.2585E-06   
 282.48763250883 5.15915E-05   
 282.47432394233 1.8966E-04   
 282.46101662976 4.96113E-04   
 282.44771057094 1.04881E-03   
 282.4344057657 1.91304E-03   
 282.42110221385 3.13008E-03   
 282.40779991522 4.71221E-03   
 282.39449886963 6.64399E-03   
 282.38119907691 8.88764E-03   
 282.36790053687 0.0113904   
 282.35460324935 0.0140917   
 282.34130721416 0.0169299   
 282.32801243113 0.0198461   
 282.31471890008 0.022788   
 282.30142662084 0.0257106   
 282.28813559322 0.0285771   
 282.27484581705 0.0313586   
 282.26155729216 0.0340332   
 282.24827001836 0.0365851   
 282.23498399548 0.0390035   
 282.22169922335 0.0412817   
 282.20841570178 0.0434153   
 282.1951334306 0.0454006   
 282.18185240964 0.0472288   
 282.16857263871 0.0488588   
 282.15529411765 0.0499564   
 282.14201684627 0.051944   
 282.12874082439 0.0533699   
 282.11546605185 0.0546322   
 282.10219252847 0.0557667   
 282.08892025406 0.0567849   
 282.07564922845 0.0576914   
 282.06237945147 0.0584846   
 282.04911092295 0.0591512   
 282.03584364269 0.059627   
 282.02257761054 0.0601435   
 282.0093128263 0.0611244   
 281.99604928981 0.0618634   
 281.98278700089 0.0624922   
 281.96952595937 0.0630404   
 281.95626616506 0.0635216   
 281.94300761779 0.063944   
 281.92975031739 0.0643137   
 281.91649426368 0.064635   
 281.90323945649 0.0649114   
 281.88998589563 0.0651449   
 281.87673358093 0.0653335   
 281.86348251222 0.0654225   
 281.85023268932 0.0656159   
 281.83698411206 0.0657259   
 281.82373678026 0.0657743   
 281.81049069374 0.0655176   
 281.79724585233 0.065846   
 281.78400225585 0.0658898   
 281.77075990413 0.0658857   
 281.75751879699 0.065854   
 281.74427893426 0.0658003   
 281.73104031576 0.0657272   
 281.71780294131 0.0656366   
 281.70456681075 0.0655298   
 281.69133192389 0.0654078   
 281.67809828056 0.0652716   
 281.66486588058 0.0651222   
 281.65163472379 0.0649603   
 281.63840481 0.0647867   
 281.62517613903 0.0646021   
 281.61194871072 0.064407   
 281.59872252489 0.0642023   
 281.58549758136 0.0639883   
 281.57227387997 0.0637656   
 281.55905142052 0.0635347   
 281.54583020286 0.0632961   
 281.53261022679 0.0630501   
 281.51939149216 0.0627973   
 281.50617399878 0.062538   
 281.49295774648 0.0622725   
 281.47974273508 0.0620012   
 281.46652896442 0.0617244   
 281.45331643431 0.0614424   
 281.44010514457 0.0611555   
 281.42689509505 0.060864   
 281.41368628555 0.060568   
 281.40047871591 0.0602678   
 281.38727238596 0.0599635   
 281.37406729551 0.0596553   
 281.36086344439 0.0593433   
 281.34766083243 0.0590272   
 281.33445945946 0.0587065   
 281.32125932529 0.0583791   
 281.30806042976 0.0580354   
 281.2948627727 0.0575641   
 281.28166635391 0.0573879   
 281.26847117324 0.0570759   
 281.25527723051 0.0567507   
 281.24208452554 0.0564203   
 281.22889305816 0.0560865   
 281.2157028282 0.0557502   
 281.20251383548 0.055412   
 281.18932607982 0.0550719   
 281.17613956106 0.0547302   
 281.16295427902 0.0543871   
 281.14977023352 0.0540427   
 281.13658742439 0.053697   
 281.12340585146 0.0533502   
 281.11022551456 0.0530024   
 281.0970464135 0.0526537   
 281.08386854812 0.0523041   
 281.07069191824 0.0519537   
 281.0575165237 0.0516025   
 281.0443423643 0.0512507   
 281.03116943989 0.0508983   
 281.01799775028 0.0505453   
 281.00482729531 0.0501918   
 280.9916580748 0.0498378   
 280.97849008857 0.0494834   
 280.96532333646 0.0491287   
 280.95215781828 0.0487736   
 280.93899353388 0.0484181   
 280.92583048306 0.0480624   
 280.91266866567 0.0477064   
 280.89950808152 0.04735   
 280.88634873044 0.0469933   
 280.87319061226 0.0466362   
 280.86003372681 0.0462785   
 280.84687807391 0.0459199   
 280.8337236534 0.0455597   
 280.82057046508 0.0451958   
 280.8074185088 0.0448183   
 280.79426778439 0.0444169   
 280.78111829165 0.0440963   
 280.76797003044 0.0436683   
 280.75482300056 0.0433918   
 280.74167720185 0.0430534   
 280.72853263414 0.0427038   
 280.71538929725 0.0423501   
 280.70224719101 0.0419941   
 280.68910631525 0.0416362   
 280.67596666979 0.0412763   
 280.66282825446 0.0409129   
 280.64969106909 0.0405404   
 280.6365551135 0.0401052   
 280.62342038753 0.0398185   
 280.610286891 0.0394619   
 280.59715462374 0.0390957   
 280.58402358557 0.0387224   
 280.57089377632 0.0383397   
 280.55776519583 0.0379407   
 280.54463784391 0.0375024   
 280.53151172039 0.036874   
 280.51838682511 0.0365986   
 280.50526315789 0.036352   
 280.49214071856 0.0359784   
 280.47901950695 0.0355454   
 280.46589952287 0.0350377   
 280.45278076617 0.0343708   
 280.43966323667 0.0331347   
 280.42654693419 0.03125   
 280.41343185857 0.0329376   
 280.40031800963 0.0329767   
 280.38720538721 0.0327363   
 280.37409399112 0.0323844   
 280.36098382119 0.0319645   
 280.34787487726 0.0314873   
 280.33476715915 0.0309497   
 280.3216606667 0.0303383   
 280.30855539972 0.029628   
 280.29545135805 0.0287762   
 280.28234854151 0.0277097   
 280.26924694994 0.0262957   
 280.25614658315 0.0242715   
 280.24304744099 0.0210464   
 280.22994952328 0.014977   
 280.21685282984 5.37219E-03   
 280.2037573605 0.0166621   
 280.1906631151 0.0211488   
 280.17757009346 0.0233756   
 280.16447829541 0.0245947   
 280.15138772077 0.0252869   
 280.13829836939 0.0256745   
 280.12521024108 0.0258729   
 280.11212333567 0.0259473   
 280.09903765299 0.0259369   
 280.08595319288 0.0258664   
 280.07286995516 0.0257521   
 280.05978793965 0.0256046   
 280.04670714619 0.0254312   
 280.03362757461 0.0252347   
 280.02054922473 0.0249837   
 280.00747209639 0.024806   
 279.99439618941 0.0245801   
 279.98132150362 0.024338   
 279.96824803885 0.0240812   
 279.95517579493 0.0238051   
 279.94210477169 0.0234817   
 279.92903496895 0.0231487   
 279.91596638655 0.0226477   
 279.90289902432 0.020983   
 279.88983288208 0.022105   
 279.87676795967 0.0221561   
 279.86370425691 0.0220357   
 279.85064177363 0.0218505   
 279.83758050966 0.0216301   
 279.82452046483 0.0213968   
 279.81146163898 0.0211902   
 279.79840403192 0.0209615   
 279.78534764349 0.0207238   
 279.77229247352 0.0204634   
 279.75923852184 0.0202487   
 279.74618578827 0.0200192   
 279.73313427265 0.0197847   
 279.72008397481 0.0195491   
 279.70703489457 0.0193133   
 279.69398703177 0.0190778   
 279.68094038623 0.018843   
 279.66789495779 0.018609   
 279.65485074627 0.0183759   
 279.6418077515 0.0181438   
 279.62876597332 0.0179129   
 279.61572541156 0.0176831   
 279.60268606603 0.0174545   
 279.58964793658 0.0172271   
 279.57661102303 0.017001   
 279.56357532522 0.0167759   
 279.55054084297 0.0165517   
 279.53750757611 0.0163274   
 279.52447552448 0.0160966   
 279.51144468789 0.0158857   
 279.49841506619 0.015673   
 279.48538665921 0.0154588   
 279.47235946677 0.0152453   
 279.4593334887 0.0150328   
 279.44630872483 0.0148215   
 279.433285175 0.0146115   
 279.42026283903 0.0144028   
 279.40724171676 0.0141954   
 279.39422180801 0.0139893   
 279.38120311262 0.0137842   
 279.36818563042 0.0135802   
 279.35516936123 0.013377   
 279.34215430488 0.0131743   
 279.32914046122 0.0129719   
 279.31612783006 0.012769   
 279.30311641124 0.0125646   
 279.29010620458 0.0123569   
 279.27709720993 0.0121427   
 279.26408942711 0.0119151   
 279.25108285595 0.0116571   
 279.23807749627 0.0113154   
 279.22507334793 0.0105764   
 279.21207041073 0.0104764   
 279.19906868452 0.0107996   
 279.18606816912 0.0107595   
 279.17306886437 0.010657   
 279.16007077009 0.0105315   
 279.14707388612 0.0103869   
 279.13407821229 0.0102343   
 279.12108374843 0.0100779   
 279.10809049437 9.91946E-03   
 279.09509844994 9.75989E-03   
 279.08210761497 9.59913E-03   
 279.06911798929 9.43531E-03   
 279.05612957275 9.25601E-03   
 279.04314236515 9.09067E-03   
 279.03015636634 8.96903E-03   
 279.01717157616 8.82438E-03   
 279.00418799442 8.67661E-03   
 278.99120562096 8.52869E-03   
 278.97822445561 8.38151E-03   
 278.96524449821 8.23545E-03   
 278.95226574858 8.09067E-03   
 278.93928820656 7.9473E-03   
 278.92631187198 7.80538E-03   
 278.91333674466 7.66495E-03   
 278.90036282445 7.52603E-03   
 278.88739011117 7.38864E-03   
 278.87441860465 7.25278E-03   
 278.86144830473 7.11845E-03   
 278.84847921124 6.98563E-03   
 278.835511324 6.85429E-03   
 278.82254464286 6.72437E-03   
 278.80957916764 6.59572E-03   
 278.79661489817 6.46792E-03   
 278.78365183429 6.33901E-03   
 278.77068997582 6.20297E-03   
 278.75772932261 6.0951E-03   
 278.74476987448 5.97528E-03   
 278.73181163126 5.84741E-03   
 278.71885459279 5.74055E-03   
 278.70589875889 5.62811E-03   
 278.6929441294 5.51548E-03   
 278.67999070416 5.4038E-03   
 278.66703848299 5.29337E-03   
 278.65408746572 5.18429E-03   
 278.6411376522 5.07661E-03   
 278.62818904224 4.97033E-03   
 278.61524163569 4.86545E-03   
 278.60229543237 4.76191E-03   
 278.58935043212 4.65965E-03   
 278.57640663476 4.55848E-03   
 278.56346404014 4.45787E-03   
 278.55052264808 4.35539E-03   
 278.53758245842 4.25869E-03   
 278.52464347099 4.17014E-03   
 278.51170568562 4.07898E-03   
 278.49876910214 3.98824E-03   
 278.48583372039 3.89849E-03   
 278.4728995402 3.80992E-03   
 278.4599665614 3.7226E-03   
 278.44703478382 3.63657E-03   
 278.4341042073 3.55182E-03   
 278.42117483167 3.46836E-03   
 278.40824665676 3.38618E-03   
 278.39531968241 3.30527E-03   
 278.38239390844 3.2256E-03   
 278.3694693347 3.14715E-03   
 278.356545961 3.06989E-03   
 278.3436237872 2.99378E-03   
 278.33070281311 2.91877E-03   
 278.31778303857 2.84481E-03   
 278.30486446342 2.77181E-03   
 278.29194708749 2.69966E-03   
 278.27903091061 2.6282E-03   
 278.26611593261 2.55718E-03   
 278.25320215333 2.48623E-03   
 278.2402895726 2.41468E-03   
 278.22737819026 2.34135E-03   
 278.21446800613 2.26381E-03   
 278.20155902004 2.17619E-03   
 278.18865123185 2.05951E-03   
 278.17574464137 1.77967E-03   
 278.16283924843 1.85499E-03   
 278.14993505289 1.75805E-03   
 278.13703205455 1.87107E-03   
 278.12413025327 1.85715E-03   
 278.11122964887 1.82343E-03   
 278.09833024119 1.7826E-03   
 278.08543203005 1.73876E-03   
 278.0725350153 1.69365E-03   
 278.05963919677 1.64816E-03   
 278.04674457429 1.60275E-03   
 278.03385114769 1.55771E-03   
 278.02095891681 1.51321E-03   
 278.00806788149 1.46936E-03   
 277.99517804154 1.42621E-03   
 277.98228939682 1.38381E-03   
 277.96940194715 1.34214E-03   
 277.95651569236 1.30118E-03   
 277.9436306323 1.26066E-03   
 277.93074676679 1.22145E-03   
 277.91786409567 1.1832E-03   
 277.90498261877 1.14793E-03   
 277.89210233593 1.11223E-03   
 277.87922324698 1.0771E-03   
 277.86634535175 1.04268E-03   
 277.85346865008 1.009E-03   
 277.8405931418 9.76063E-04   
 277.82771882675 9.43868E-04   
 277.81484570475 9.12405E-04   
 277.80197377566 8.81665E-04   
 277.78910303929 8.51636E-04   
 277.77623349548 8.22302E-04   
 277.76336514407 7.93646E-04   
 277.7504979849 7.65651E-04   
 277.73763201779 7.38294E-04   
 277.72476724258 7.11551E-04   
 277.7119036591 6.85394E-04   
 277.69904126719 6.5979E-04   
 277.68618006669 6.34699E-04   
 277.67332005743 6.10072E-04   
 277.66046123923 5.85845E-04   
 277.64760361195 5.61937E-04   
 277.6347471754 5.38236E-04   
 277.62189192943 5.14588E-04   
 277.60903787388 4.90766E-04   
 277.59618500857 4.66425E-04   
 277.58333333333 4.41008E-04   
 277.57048284802 4.13557E-04   
 277.55763355245 3.82282E-04   
 277.54478544647 3.43417E-04   
 277.5319385299 2.87458E-04   
 277.51909280259 1.80672E-04   
 277.50624826437 1.73245E-04   
 277.49340491507 2.54323E-04   
 277.48056275454 2.80123E-04   
 277.46772178259 2.8746E-04   
 277.45488199907 2.86662E-04   
 277.44204340382 2.81775E-04   
 277.42920599667 2.74687E-04   
 277.41636977745 2.66384E-04   
 277.403534746 2.57422E-04   
 277.39070090215 2.48132E-04   
 277.37786824574 2.3872E-04   
 277.36503677661 2.2932E-04   
 277.35220649459 2.20019E-04   
 277.33937739951 2.10875E-04   
 277.32654949121 2.01928E-04   
 277.31372276953 1.93205E-04   
 277.3008972343 1.84722E-04   
 277.28807288535 1.7649E-04   
 277.27524972253 1.68517E-04   
 277.26242774566 1.60803E-04   
 277.24960695459 1.53349E-04   
 277.23678734915 1.46149E-04   
 277.22396892917 1.39167E-04   
 277.21115169448 1.32506E-04   
 277.19833564494 1.26105E-04   
 277.18552078036 1.19719E-04   
 277.17270710059 1.14026E-04   
 277.15989460546 1.08356E-04   
 277.14708329481 1.02901E-04   
 277.13427316848 9.76646E-05   
 277.12146422629 9.26441E-05   
 277.10865646809 8.78341E-05   
 277.09584989371 8.32286E-05   
 277.08304450298 7.88218E-05   
 277.07024029575 7.46075E-05   
 277.05743727185 7.05797E-05   
 277.04463543111 6.67323E-05   
 277.03183477337 6.30593E-05   
 277.01903529847 5.95547E-05   
 277.00623700624 5.62128E-05   
 276.99343989652 5.30278E-05   
 276.98064396914 4.9994E-05   
 276.96784922395 4.71058E-05   
 276.95505566077 4.43579E-05   
 276.94226327945 4.1745E-05   
 276.92947207981 3.92617E-05   
 276.9166820617 3.69031E-05   
 276.90389322496 3.46641E-05   
 276.89110556941 3.25399E-05   
 276.8783190949 3.05258E-05   
 276.86553380126 2.86171E-05   
 276.85274968832 2.68093E-05   
 276.83996675593 2.50979E-05   
 276.82718500392 2.34784E-05   
 276.81440443213 2.19464E-05   
 276.8016250404 2.04973E-05   
 276.78884682855 1.91261E-05   
 276.77606979643 1.78266E-05   
 276.76329394387 1.65894E-05   
 276.75051927071 1.53897E-05   
 276.73774577679 1.41691E-05   
 276.72497346195 1.30024E-05   
 276.71220232601 1.22576E-05   
 276.69943236882 1.14904E-05   
 276.68666359022 1.06655E-05   
 276.67389599003 9.76435E-06   
 276.66112956811 9.20784E-06   
 276.64836432427 8.55597E-06   
 276.63560025837 7.92901E-06   
 276.62283737024 7.33688E-06   
 276.61007565972 6.78093E-06   
 276.59731512663 6.26045E-06   
 276.58455577083 5.77409E-06   
 276.57179759214 5.32026E-06   
 276.55904059041 4.89728E-06   
 276.54628476546 4.50348E-06   
 276.53353011715 4.13721E-06   
 276.5207766453 3.79687E-06   
 276.50802434975 3.48093E-06   
 276.49527323034 3.18789E-06   
 276.48252328691 2.91635E-06   
 276.4697745193 2.66495E-06   
 276.45702692733 2.43238E-06   
 276.44428051086 2.21742E-06   
 276.43153526971 2.01887E-06   
 276.41879120373 1.8356E-06   
 276.40604831274 1.66653E-06   
 276.3933065966 1.5106E-06   
 276.38056605513 1.36677E-06   
 276.36782668818 1.23402E-06   
 276.35508849558 1.1113E-06   
 276.34235147716 9.97429E-07   
 276.32961563278 8.91043E-07   
 276.31688096226 7.90232E-07   
 276.30414746544 6.91789E-07   
 276.29141514216 5.88603E-07   
 276.27868399226 4.56533E-07   
 276.26595401557 3.06317E-07   
 276.25322521194 4.00944E-07   
 276.2404975812 3.93888E-07   
 276.22777112319 3.67472E-07   
 276.21504583775 3.36133E-07   
 276.20232172471 3.04388E-07   
 276.18959878391 2.73956E-07   
 276.1768770152 2.45519E-07   
 276.16415641841 2.19317E-07   
 276.15143699337 1.95387E-07   
 276.13871873993 1.7366E-07   
 276.12600165792 1.5402E-07   
 276.11328574718 1.36329E-07   
 276.10057100755 1.20439E-07   
 276.08785743887 1.06203E-07   
 276.07514504098 9.34795E-08   
 276.06243381371 8.21306E-08   
 276.04972375691 7.20291E-08   
 276.0370148704 6.30554E-08   
 276.02430715404 5.50991E-08   
 276.01160060765 4.80582E-08   
 275.99889523108 4.1839E-08   
 275.98619102417 3.63558E-08   
 275.97348798674 3.15302E-08   
 275.96078611865 2.729E-08   
 275.94808541973 2.35627E-08   
 275.93538588982 2.032E-08   
 275.92268752876 1.74949E-08   
 275.90999033639 1.50261E-08   
 275.89729431253 1.28778E-08   
 275.88459945705 1.10129E-08   
 275.87190576976 9.39769E-09   
 275.85921325052 8.00171E-09   
 275.84652189915 6.79784E-09   
 275.83383171551 5.76192E-09   
 275.82114269942 4.87252E-09   
 275.80845485073 4.11065E-09   
 275.79576816927 3.45951E-09   
 275.78308265489 2.90431E-09   
 275.77039830742 2.43203E-09   
 275.75771512671 2.03124E-09   
 275.74503311258 1.69189E-09   
 275.73235226489 1.40497E-09   
 275.71967258346 1.1643E-09   
 275.70699406815 9.62598E-10   
 275.69431671878 7.92888E-10   
 275.6816405352 6.52084E-10   
 275.66896551724 5.34636E-10   
 275.65629166475 4.36745E-10   
 275.64361897757 3.55556E-10   
 275.63094745552 2.89E-10   
 275.61827709846 2.33724E-10   
 275.60560790623 1.86837E-10   
 275.59293987865 1.51475E-10   
 275.58027301558 1.22021E-10   
 275.56760731685 9.76862E-11   
 275.5549427823 7.7865E-11   
 275.54227941176 6.17888E-11   
 275.52961720509 4.89038E-11   
 275.51695616212 3.8608E-11   
 275.50429628268 3.03415E-11   
 275.49163756662 2.37442E-11   
 275.47898001378 1.84981E-11   
 275.466323624 1.43381E-11   
 275.45366839711 1.11204E-11   
 275.44101433297 8.57404E-12   
 275.42836143139 6.5805E-12   
 275.41570969224 5.02786E-12   
 275.40305911534 3.82422E-12   
 275.39040970053 2.89543E-12   
 275.37776144766 2.18201E-12   
 275.36511435657 1.63657E-12   
 275.3524684271 1.22154E-12   
 275.33982365907 9.07237E-13   
 275.32718005235 6.70395E-13   
 275.31453760676 4.92812E-13   
 275.30189632215 3.6034E-13   
 275.28925619835 2.62032E-13   
 275.2766172352 1.89461E-13   
 275.26397943256 1.36172E-13   
 275.25134279025 9.72414E-14   
 275.23870730812 6.89162E-14   
 275.226072986 4.82528E-14   
 275.21343982374 3.35674E-14   
 275.20080782118 2.38427E-14   
 275.18817697815 1.66168E-14   
 275.17554729451 1.14756E-14   
 275.16291877008 7.86393E-15   
 275.15029140471 5.34915E-15   
 275.13766519824 3.61168E-15   
 275.12504015051 2.42019E-15   
 275.11241626136 1.60907E-15   
 275.09979353063 1.0606E-15   
 275.08717195816 6.89974E-16   
 275.07455154379 4.50026E-16   
 275.06193228737 2.91222E-16   
 275.04931418872 1.86368E-16   
 275.03669724771 1.18162E-16   
 275.02408146415 7.4238E-17   
 275.0114668379 4.62146E-17   
 274.9988533688 2.85009E-17   
 274.98624105669 1.7409E-17   
 274.9736299014 1.05298E-17   
 274.96101990278 6.30509E-18   
 274.94841106067 3.73659E-18   
 274.93580337491 2.19106E-18   
 274.92319684534 1.27087E-18   
 274.9105914718 7.28943E-19   
 274.89798725414 4.13324E-19   
 274.88538419219 2.31605E-19   
 274.87278228579 1.28198E-19   
 274.86018153479 6.98969E-20   
 274.84758193903 3.78403E-20   
 274.83498349835 2.0165E-20   
 274.82238621259 1.05995E-20   
 274.80979008158 5.49389E-21   
 274.79719510518 2.80627E-21   
 274.78460128323 1.40774E-21   
 274.77200861555 7.00923E-22   
 274.75941710201 3.42408E-22   
 274.74682674243 1.64566E-22   
 274.73423753666 7.77907E-23   
 274.72164948454 3.61507E-23   
 274.70906258591 1.65078E-23   
 274.69647684061 7.40319E-24   
 274.68389224849 3.25889E-24   
 274.67130880938 1.40734E-24   
 274.65872652313 5.95864E-25   
 274.64614538958 2.47201E-25   
 274.63356540857 1.00423E-25   
 274.62098657995 3.99215E-26   
 274.60840890354 1.55194E-26   
 274.59583237921 5.89562E-27   
 274.58325700678 2.187E-27   
 274.5706827861 7.91586E-28   
 274.55810971701 2.79338E-28   
 274.54553779935 9.60247E-29   
 274.53296703297 3.21282E-29   
 274.5203974177 1.0453E-29   
 274.50782895339 3.30404E-30   
 274.49526163988 1.01361E-30   
 274.48269547702 3.01496E-31   
 274.47013046464 8.68579E-32   
 274.45756660258 2.42088E-32   
 274.44500389069 6.52014E-33   
 274.43244232882 1.69477E-33   
 274.41988191679 4.24508E-34   
 274.40732265446 1.02192E-34   
 274.39476454167 2.37028E-35   
 274.38220757825 5.29596E-36   
 274.36965176406 1.13206E-36   
 274.35709709893 2.3154E-37   
 274.3445435827 4.52517E-38   
 274.33199121523 8.43721E-39   
 274.31943999634 1.49817E-39   
 274.30688992589 2.52832E-40   
 274.29434100371 4.05073E-41   
 274.28179322964 6.14469E-42   
 274.26924660354 8.81417E-43   
 274.25670112524 1.1911E-43   
 274.24415679458 1.54143E-44   
 274.23161361142 1.4013E-45   
 274.21907157558 0   
 274.20653068691 0   
 274.19399094526 0   
 274.18145235047 0   
 274.16891490237 0   
 274.15637860082 0   
 274.14384344566 0   
 274.13130943672 0   
 274.11877657386 0   
 274.10624485691 0   
 274.09371428571 0   
 274.08118486012 0   
 274.06865657997 0   
 274.0561294451 0   
 274.04360345537 0   
 274.0310786106 0   
 274.01855491065 0   
 274.00603235536 0   
 273.99351094457 0   
 273.98099067812 0   
 273.96847155586 0   
 273.95595357763 0   
 273.94343674327 0   
 273.93092105263 0   
 273.91840650555 0   
 273.90589310187 0   
 273.89338084144 0   
 273.8808697241 0   
 273.86835974969 0   
 273.85585091806 0   
 273.84334322905 0   
 273.8308366825 0   
 273.81833127826 0   
 273.80582701617 0   
 273.79332389607 0   
 273.78082191781 0   
 273.76832108123 0   
 273.75582138617 0   
 273.74332283249 0   
 273.73082542001 0   
 273.7183291486 0   
 273.70583401808 0   
 273.6933400283 0   
 273.68084717911 0   
 273.66835547035 0   
 273.65586490187 0   
 273.64337547351 0   
 273.6308871851 0   
 273.61840003651 0   
 273.60591402756 0   
 273.59342915811 0   
 273.580945428 0   
 273.56846283707 0   
 273.55598138516 0   
 273.54350107213 0   
 273.53102189781 0   
 273.51854386205 0   
 273.50606696469 0   
 273.49359120558 0   
 273.48111658456 0   
 273.46864310148 0   
 273.45617075618 0   
 273.4436995485 0   
 273.43122947829 0   
 273.4187605454 0   
 273.40629274966 0   
 273.39382609092 0   
 273.38136056903 0   
 273.36889618383 0   
 273.35643293517 0   
 273.34397082289 0   
 273.33150984683 0   
 273.31905000684 0   
 273.30659130276 0   
 273.29413373445 0   
 273.28167730173 0   
 273.26922200447 0   
 273.25676784249 0   
 273.24431481566 0   
 273.23186292381 0   
 273.21941216678 0   
 273.20696254443 0   
 273.19451405659 0   
 273.18206670312 0   
 273.16962048385 0   
 273.15717539863 0   
 273.14473144731 0   
 273.13228862974 0   
 273.11984694575 0   
 273.10740639519 0   
 273.09496697791 0   
 273.08252869375 0   
 273.07009154256 0   
 273.05765552418 0   
 273.04522063846 0   
 273.03278688525 0   
 273.02035426438 0   
 273.0079227757 0   
 272.99549241907 0   
 272.98306319432 0   
 272.9706351013 0   
 272.95820813985 0   
 272.94578230983 0   
 272.93335761107 0   
 272.92093404342 0   
 272.90851160674 0   
 272.89609030085 0   
 272.88367012561 0   
 272.87125108087 0   
 272.85883316647 0   
 272.84641638225 0   
 272.83400072807 0   
 272.82158620376 0   
 272.80917280917 0   
 272.79676054416 0   
 272.78434940855 0   
 272.77193940221 0   
 272.75953052497 0   
 272.74712277669 0   
 272.73471615721 0   
 272.72231066636 0   
 272.70990630401 0   
 272.69750307 0   
 272.68510096416 0   
 272.67269998636 0   
 272.66030013643 0   
 272.64790141421 0   
 272.63550381957 0   
 272.62310735234 0   
 272.61071201237 0   
 272.5983177995 0   
 272.58592471358 0   
 272.57353275447 0   
 272.56114192199 0   
 272.54875221601 0   
 272.53636363636 0   
 272.5239761829 0   
 272.51158985547 0   
 272.49920465391 0   
 272.48682057808 0   
 272.47443762781 0   
 272.46205580296 0   
 272.44967510338 0   
 272.4372955289 0   
 272.42491707938 0   
 272.41253975466 0   
 272.40016355459 0   
 272.38778847901 0   
 272.37541452778 0   
 272.36304170074 0   
 272.35066999773 0   
 272.3382994186 0   
 272.32592996321 0   
 272.31356163139 0   
 272.301194423 0   
 272.28882833787 0   
 272.27646337587 0   
 272.26409953683 0   
 272.2517368206 0   
 272.23937522703 0   
 272.22701475596 0   
 272.21465540725 0   
 272.20229718073 0   
 272.18994007627 0   
 272.17758409369 0   
 272.16522923286 0   
 272.15287549362 0   
 272.14052287582 0   
 272.12817137929 1.4013E-45   
 272.1158210039 7.00649E-45   
 272.10347174949 5.32493E-44   
 272.0911236159 3.29305E-43   
 272.07877660299 2.03188E-42   
 272.06643071059 1.18942E-41   
 272.05408593856 6.48899E-41   
 272.04174228675 3.35528E-40   
 272.029399755 1.65238E-39   
 272.01705834316 7.77675E-39   
 272.00471805108 3.50057E-38   
 271.99237887861 1.5099E-37   
 271.98004082558 6.24985E-37   
 271.96770389186 2.48588E-36   
 271.95536807729 9.51322E-36   
 271.94303338171 3.50695E-35   
 271.93069980498 1.24675E-34   
 271.91836734694 4.27906E-34   
 271.90603600744 1.41926E-33   
 271.89370578632 4.55103E-33   
 271.88137668344 1.4156E-32   
 271.86904869865 4.2657E-32   
 271.85672183178 1.24681E-31   
 271.8443960827 3.53767E-31   
 271.83207145124 9.74944E-31   
 271.81974793726 2.60954E-30   
 271.8074255406 6.77029E-30   
 271.79510426111 1.67797E-29   
 271.78278409864 4.18462E-29   
 271.77046505303 1.0436E-28   
 271.75814712414 2.49586E-28   
 271.74583031182 5.80849E-28   
 271.73351461591 1.31979E-27   
 271.72120003625 2.93222E-27   
 271.70888657271 6.37609E-27   
 271.69657422512 1.35788E-26   
 271.68426299334 2.83045E-26   
 271.67195287721 5.80535E-26   
 271.65964387658 1.16721E-25   
 271.6473359913 2.30311E-25   
 271.63502922122 4.46614E-25   
 271.62272356619 8.51568E-25   
 271.61041902605 1.59626E-24   
 271.59811560065 2.94329E-24   
 271.58581328985 5.34072E-24   
 271.57351209349 9.54086E-24   
 271.56121201141 1.67867E-23   
 271.54891304348 2.91003E-23   
 271.53661518953 4.97209E-23   
 271.52431844942 8.37599E-23   
 271.51202282299 1.39167E-22   
 271.49972831009 2.28126E-22   
 271.48743491057 3.69045E-22   
 271.47514262429 5.89359E-22   
 271.46285145108 9.29376E-22   
 271.4505613908 1.44751E-21   
 271.4382724433 2.22718E-21   
 271.42598460842 3.38505E-21   
 271.41369788602 5.08792E-21   
 271.40141227594 7.56781E-21   
 271.38912777803 1.11257E-20   
 271.37684439214 1.61764E-20   
 271.36456211813 2.32675E-20   
 271.35228095583 3.31148E-20   
 271.3400009051 4.66432E-20   
 271.32772196579 6.50312E-20   
 271.31544413774 8.97634E-20   
 271.30316742081 1.22686E-19   
 271.29089181485 1.6606E-19   
 271.2786173197 2.2263E-19   
 271.26634393521 2.95669E-19   
 271.25407166124 3.89037E-19   
 271.24180049762 5.07214E-19   
 271.22953044422 6.55327E-19   
 271.21726150088 8.39155E-19   
 271.20499366745 1.06509E-18   
 271.19272694378 1.3401E-18   
 271.18046132972 1.67161E-18   
 271.16819682511 2.06734E-18   
 271.15593342981 2.53517E-18   
 271.14367114367 3.08287E-18   
 271.13140996654 3.71778E-18   
 271.11914989826 4.44653E-18   
 271.10689093869 5.27463E-18   
 271.09463308767 6.20615E-18   
 271.08237634506 7.2432E-18   
 271.0701207107 8.38561E-18   
 271.05786618445 9.63063E-18   
 271.04561276615 1.09724E-17   
 271.03336045566 1.24019E-17   
 271.02110925281 1.39068E-17   
 271.00885915748 1.54712E-17   
 270.99661016949 1.70761E-17   
 270.98436228871 1.86991E-17   
 270.97211551498 2.03152E-17   
 270.95986984816 2.18974E-17   
 270.94762528808 2.34166E-17   
 270.93538183461 2.48422E-17   
 270.9231394876 2.61268E-17   
 270.91089824688 2.73081E-17   
 270.89865811232 2.82989E-17   
 270.88641908376 2.90888E-17   
 270.87418116106 2.96609E-17   
 270.86194434405 3.00007E-17   
 270.84970863261 3.00983E-17   
 270.83747402656 2.99484E-17   
 270.82524052577 2.9551E-17   
 270.81300813008 2.89096E-17   
 270.80077683935 2.80284E-17   
 270.78854665342 2.69017E-17   
 270.77631757214 2.54115E-17   
 270.76408959538 2.42964E-17   
 270.75186272296 2.31021E-17   
 270.73963695475 2.16864E-17   
 270.7274122906 2.01514E-17   
 270.71518873036 1.85455E-17   
 270.70296627387 1.69057E-17   
 270.69074492099 1.5264E-17   
 270.67852467157 1.36489E-17   
 270.66630552546 1.20854E-17   
 270.65408748251 1.05944E-17   
 270.64187054257 9.19308E-18   
 270.62965470548 7.89451E-18   
 270.61743997111 6.70769E-18   
 270.60522633931 5.63767E-18   
 270.59301380991 4.68595E-18   
 270.58080238278 3.85081E-18   
 270.56859205776 3.12785E-18   
 270.55638283471 2.51042E-18   
 270.54417471347 1.9903E-18   
 270.5319676939 1.5581E-18   
 270.51976177585 1.20324E-18   
 270.50755695917 9.18452E-19   
 270.49535324371 6.91056E-19   
 270.48315062931 5.1257E-19   
 270.47094911584 3.74547E-19   
 270.45874870314 2.69089E-19   
 270.44654939107 1.90671E-19   
 270.43435117947 1.32167E-19   
 270.42215406819 8.6222E-20   
 270.4099580571 6.11818E-20   
 270.39776314603 4.1281E-20   
 270.38556933484 2.71068E-20   
 270.37337662338 1.74257E-20   
 270.3611850115 1.09705E-20   
 270.34899449905 6.76859E-21   
 270.33680508589 4.08518E-21   
 270.32461677187 2.40847E-21   
 270.31242955683 1.38439E-21   
 270.30024344063 7.73428E-22   
 270.28805842312 4.177E-22   
 270.27587450415 2.15669E-22   
 270.26369168357 1.03485E-22   
 270.25150996124 4.13265E-23   
 270.239329337 1.01771E-23   
 270.22714981071 1.15461E-23   
 270.21497138222 6.65384E-24   
 270.20279405137 3.35714E-24   
 270.19061781803 1.58478E-24   
 270.17844268205 7.11596E-25   
 270.16626864327 3.07174E-25   
 270.15409570154 1.27202E-25   
 270.14192385672 5.07123E-26   
 270.12975310867 1.94345E-26   
 270.11758345722 7.15343E-27   
 270.10541490224 2.52636E-27   
 270.09324744358 8.54893E-28   
 270.08108108108 2.76732E-28   
